0.00568 0.00735429
0.00568 0.007354292472
0.005585 0.007738725074
0.005585 0.008672666789
0.005585 0.008672666789
0.005549 0.007389341463
0.005555 0.007372325854
0.005555 0.007372325854
0.00561 0.006994821752
0.00561 0.007071508901
0.00561 0.007071508901
0.005702 0.002172818761
0.005724 0.002346182226
0.005724 0.002346182226
0.00579 0.002776989914
0.005812 0.002785009029
0.005812 0.002785009029
0.005868 0.005873115595
0.005878 0.008763752606
0.005878 0.008763752606
0.005876 0.008760270499
0.005866 0.008515734449
0.005866 0.008515734449
0.005827 0.008366877375
0.005812 0.004767128338
0.005812 0.004767128338
0.005739 0.004165454962
0.005717 0.004168662632
0.005717 0.004168662632
0.005641 0.00428714644
0.00561 0.004206632338
0.00561 0.004206632338
0.005439 0.005849637419
0.005385 0.005844411304
0.005385 0.005844411304
0.005135 0.005695736972
0.005073 0.005609694759
0.005073 0.005609694759
0.004845 0.006721713406
0.004794 0.006734484803
0.004794 0.006734484803
0.004628 0.006539424957
0.00459 0.006475231838
0.00459 0.006475231838
0.004418 0.005898238684
0.00437 0.005811782061
0.00437 0.005811782061
0.004175 0.005982311309
0.004139 0.005734695133
0.004139 0.005734695133
0.004083 0.00655069813
0.004111 0.006548887052
0.004111 0.006548887052
0.004226 0.006400092955
0.004263 0.006066302172
0.004263 0.006066302172
0.004288 0.00471451676
0.00426 0.004537296941
0.00426 0.004537296941
0.004083 0.0039685142
0.004059 0.003878259366
0.004059 0.003878259366
0.004095 0.005092379377
0.004136 0.005159145432
0.004136 0.005159145432
0.004529 0.004712467998
0.004626 0.002828645027
0.004626 0.002828645027
0.005028 0.002233920281
0.005128 0.001898754632
0.005128 0.001898754632
0.005685 0.002295583206
0.00581 0.006627387783
0.00581 0.006627387783
0.006337 0.007006421941
0.006471 0.007029386343
0.006471 0.007029386343
0.006928 0.001225248154
0.007108 0.001058254983
0.007108 0.001058254983
0.007375 0.001313276331
0.007444 0.001135475781
0.007444 0.001135475781
0.007781 0.00369020738
0.007972 0.004200024564
0.007972 0.004200024564
0.008365 0.005217025544
0.008464 0.005560488615
0.008464 0.005560488615
0.008936 0.004915787222
0.009024 0.005248242744
0.009024 0.005248242744
0.009355 0.006385534498
0.009433 0.006550529757
0.009433 0.006550529757
0.009757 0.008665120358
0.009806 0.009009923134
0.009806 0.009009923134
0.009988 0.008462407864
0.010037 0.003231550262
0.010037 0.003231550262
0.010274 0.006877738136
0.010319 0.006982832168
0.010319 0.006982832168
0.0105 0.0082251113
0.010565 0.008255793533
0.010565 0.008255793533
0.010628 0.009362698602
0.010647 0.009546520999
0.010647 0.009546520999
0.010972 0.009781388268
0.011078 0.0102249261
0.011078 0.0102249261
0.011636 0.0108409291
0.011801 0.01099194219
0.011801 0.01099194219
0.012642 0.009804293105
0.012808 0.009902074996
0.012808 0.009902074996
0.013665 0.01044939354
0.01385 0.009025164607
0.01385 0.009025164607
0.0146 0.01193658651
0.014785 0.01185784242
0.014785 0.01185784242
0.01568 0.007848393199
0.01599 0.007009464106
0.01599 0.007009464106
0.016482 0.008369355345
0.016587 0.008562639088
0.016587 0.008562639088
0.017069 0.0111503405
0.017342 0.01156931368
0.017342 0.01156931368
0.017972 0.01334703529
0.018156 0.01335460477
0.018156 0.01335460477
0.019064 0.01305345981
0.019235 0.01367784146
0.019235 0.01367784146
0.019923 0.0153705793
0.02001 0.01387224068
0.02001 0.01387224068
0.020173 0.01801304427
0.020154 0.0186522406
0.020154 0.0186522406
0.020054 0.01657638997
0.019971 0.01516762121
0.019971 0.01516762121
0.019737 0.01566538171
0.019673 0.01577323996
0.019673 0.01577323996
0.019258 0.01747511493
0.019156 0.01793909355
0.019156 0.01793909355
0.018621 0.0206536637
0.018465 0.02327710653
0.018465 0.02327710653
0.018273 0.02385654585
0.018252 0.02392726169
0.018252 0.02392726169
0.018355 0.01862351235
0.018393 0.02042975937
0.018393 0.02042975937
0.018618 0.02080356279
0.018674 0.02082518865
0.018674 0.02082518865
0.018992 0.0208526363
0.019139 0.02071679134
0.019139 0.02071679134
0.019547 0.02022175997
0.019691 0.02002677777
0.019691 0.02002677777
0.020555 0.01647951933
0.02075 0.01621189242
0.02075 0.01621189242
0.021917 0.01107429952
0.022456 0.01773390454
0.022456 0.01773390454
0.023607 0.01882088772
0.024255 0.0192839002
0.024255 0.0192839002
0.025637 0.01908311777
0.02635 0.01903406327
0.02635 0.01903406327
0.028148 0.01835226473
0.02848 0.01107701176
0.02848 0.01107701176
0.029842 0.01868583005
0.030041 0.0189606622
0.030041 0.0189606622
0.03107 0.01900094241
0.031494 0.01944913475
0.031494 0.01944913475
0.032573 0.02209070661
0.032785 0.0224851329
0.032785 0.0224851329
0.033688 0.02315483886
0.033832 0.02448296667
0.033832 0.02448296667
0.034564 0.02286395616
0.034879 0.02937988388
0.034879 0.02937988388
0.035651 0.03418890721
0.035758 0.03526815963
0.035758 0.03526815963
0.035703 0.0299910491
0.035587 0.03031955492
0.035587 0.03031955492
0.034755 0.03148069988
0.034535 0.02761210327
0.034535 0.02761210327
0.032898 0.03589239203
0.032608 0.03634239656
0.032608 0.03634239656
0.030948 0.03359574361
0.030701 0.03415118417
0.030701 0.03415118417
0.02939 0.03500691933
0.028718 0.03871209304
0.028718 0.03871209304
0.02682 0.04205401514
0.026047 0.04141714778
0.026047 0.04141714778
0.0241 0.03828817224
0.023723 0.03779322284
0.023723 0.03779322284
0.021352 0.0355962053
0.020909 0.03199751366
0.020909 0.03199751366
0.018131 0.0295687747
0.017148 0.02784306773
0.017148 0.02784306773
0.014218 0.03474254343
0.013776 0.03300736489
0.013776 0.03300736489
0.011129 0.0222019991
0.010708 0.02683753355
0.010708 0.02683753355
0.00831 0.02322850354
0.007487 0.021238367
0.007487 0.021238367
0.005103 0.02530862449
0.004649 0.02321249475
0.004649 0.02321249475
0.000704 0.02049347855
6.4e-05 0.01790763438
6.4e-05 0.01790763438
-0.003476 0.0103708826
-0.004466 0.014063099
-0.004466 0.014063099
-0.007253 0.008301748909
-0.008242 0.007251871934
-0.008242 0.007251871934
-0.011221 0.008383934093
-0.011774 0.005892325101
-0.011774 0.005892325101
-0.016024 0.01230148008
-0.016652 0.01168317857
-0.016652 0.01168317857
-0.020522 0.005870182309
-0.021391 -0.002070084875
-0.021391 -0.002070084875
-0.024143 -0.01023194352
-0.025067 -0.01288474018
-0.025067 -0.01288474018
-0.027676 -0.006952367191
-0.02841 -0.008398724901
-0.02841 -0.008398724901
-0.030129 -0.007320709309
-0.030585 -0.008277554278
-0.030585 -0.008277554278
-0.031442 -0.01223114886
-0.031548 -0.01953179074
-0.031548 -0.01953179074
-0.032292 -0.02772099356
-0.032386 -0.02252641602
-0.032386 -0.02252641602
-0.032744 -0.02324289601
-0.032749 -0.0241654766
-0.032749 -0.0241654766
-0.03264 -0.03050814141
-0.032544 -0.03102039321
-0.032544 -0.03102039321
-0.031969 -0.03031712843
-0.031882 -0.03269467148
-0.031882 -0.03269467148
-0.031733 -0.03700945414
-0.031826 -0.02919433729
-0.031826 -0.02919433729
-0.032224 -0.03235971268
-0.032352 -0.03289287361
-0.032352 -0.03289287361
-0.032666 -0.03557147482
-0.032864 -0.03530148557
-0.032864 -0.03530148557
-0.033417 -0.03396036311
-0.033661 -0.03470435917
-0.033661 -0.03470435917
-0.034525 -0.03566582038
-0.034945 -0.02892082577
-0.034945 -0.02892082577
-0.036189 -0.02863695601
-0.036701 -0.02808152243
-0.036701 -0.02808152243
-0.037854 -0.03296188798
-0.038337 -0.03342599721
-0.038337 -0.03342599721
-0.0397 -0.03339660745
-0.039988 -0.02984627811
-0.039988 -0.02984627811
-0.041558 -0.03360193624
-0.04222 -0.03445866641
-0.04222 -0.03445866641
-0.043804 -0.03196685986
-0.044432 -0.03288822817
-0.044432 -0.03288822817
-0.045747 -0.02850822018
-0.046141 -0.03585527308
-0.046141 -0.03585527308
-0.046908 -0.03974501988
-0.047035 -0.0400118751
-0.047035 -0.0400118751
-0.047626 -0.03699025473
-0.047673 -0.03829241863
-0.047673 -0.03829241863
-0.047414 -0.03305948308
-0.047102 -0.03956635886
-0.047102 -0.03956635886
-0.04588 -0.04411475515
-0.045157 -0.04466812939
-0.045157 -0.04466812939
-0.042859 -0.04800035969
-0.041813 -0.04938239056
-0.041813 -0.04938239056
-0.039036 -0.04627009194
-0.037933 -0.0483365123
-0.037933 -0.0483365123
-0.034837 -0.04847589429
-0.034126 -0.04787854422
-0.034126 -0.04787854422
-0.029458 -0.0541521287
-0.028573 -0.05328777319
-0.028573 -0.05328777319
-0.022705 -0.04639413088
-0.021687 -0.05343073236
-0.021687 -0.05343073236
-0.015145 -0.0506469623
-0.014013 -0.04892322652
-0.014013 -0.04892322652
-0.007283 -0.04295557499
-0.0061 -0.04214513991
-0.0061 -0.04214513991
0.001075 -0.03592674889
0.00225 -0.04564967132
0.00225 -0.04564967132
0.009634 -0.038322962
0.01086 -0.03478517383
0.01086 -0.03478517383
0.017985 -0.03617132287
0.019168 -0.03143609017
0.019168 -0.03143609017
0.025871 -0.02311279575
0.026958 -0.02705410216
0.026958 -0.02705410216
0.033552 -0.01135121378
0.035653 -0.008424978994
0.035653 -0.008424978994
0.041093 -0.01130453755
0.04218 -0.005732033733
0.04218 -0.005732033733
0.048315 0.001856451847
0.050349 -0.000162168621
0.050349 -0.000162168621
0.055236 0.0136130743
0.05705 0.01648801513
0.05705 0.01648801513
0.061861 0.01985801478
0.063807 0.02264966384
0.063807 0.02264966384
0.068906 0.02114901609
0.071206 0.02358746159
0.071206 0.02358746159
0.077251 0.03671695426
0.078526 0.03898215758
0.078526 0.03898215758
0.086258 0.04033784784
0.088724 0.04603952289
0.088724 0.04603952289
0.094319 0.04725944259
0.095293 0.05011854765
0.095293 0.05011854765
0.099267 0.06248247497
0.100663 0.0536644387
0.100663 0.0536644387
0.104399 0.06361992077
0.104922 0.06513311585
0.104922 0.06513311585
0.107722 0.06037789272
0.108926 0.06600625583
0.108926 0.06600625583
0.111897 0.07641533184
0.112469 0.0660518202
0.112469 0.0660518202
0.114826 0.08758410537
0.11551 0.09199469656
0.11551 0.09199469656
0.116714 0.1024070914
0.11684 0.1052222965
0.11684 0.1052222965
0.116959 0.1082658292
0.117023 0.08631694652
0.117023 0.08631694652
0.117555 0.105120802
0.117648 0.106145382
0.117648 0.106145382
0.118543 0.1006111988
0.119046 0.1045793753
0.119046 0.1045793753
0.120583 0.1103864021
0.1209 0.1058774185
0.1209 0.1058774185
0.122131 0.121970572
0.122256 0.1220729984
0.122256 0.1220729984
0.122951 0.1232812224
0.122937 0.1231871252
0.122937 0.1231871252
0.122305 0.1182654649
0.122196 0.08864846893
0.122196 0.08864846893
0.121702 0.1145548001
0.121484 0.1154966214
0.121484 0.1154966214
0.121514 0.1129356572
0.121867 0.1141892322
0.121867 0.1141892322
0.123648 0.1151766575
0.124156 0.1142989538
0.124156 0.1142989538
0.126695 0.1261594678
0.127201 0.1239172974
0.127201 0.1239172974
0.129736 0.1250292858
0.13037 0.1265453195
0.13037 0.1265453195
0.130491 0.1289104959
0.130322 0.1287953791
0.130322 0.1287953791
0.128365 0.1199444093
0.127886 0.1210199208
0.127886 0.1210199208
0.125715 0.1220196114
0.124511 0.1108278073
0.124511 0.1108278073
0.121248 0.1128471907
0.120596 0.1123301393
0.120596 0.1123301393
0.117648 0.1223122818
0.117006 0.1230425012
0.117006 0.1230425012
0.113711 0.1218558245
0.11308 0.1202337536
0.11308 0.1202337536
0.109614 0.1429885775
0.108093 0.1447501643
0.108093 0.1447501643
0.105193 0.129627495
0.103928 0.1350768166
0.103928 0.1350768166
0.10142 0.1335077429
0.101111 0.1317627538
0.101111 0.1317627538
0.099989 0.1266868635
0.099863 0.1246919089
0.099863 0.1246919089
0.100068 0.113693794
0.100281 0.09121383179
0.100281 0.09121383179
0.101778 0.1160132098
0.102572 0.1147402522
0.102572 0.1147402522
0.1045 0.1144914953
0.10541 0.1158235996
0.10541 0.1158235996
0.107575 0.1136245421
0.108098 0.1127015218
0.108098 0.1127015218
0.111036 0.1020004525
0.111662 0.1003071802
0.111662 0.1003071802
0.115143 0.0812057949
0.115915 0.09829006384
0.115915 0.09829006384
0.119841 0.09443337765
0.120621 0.09258560712
0.120621 0.09258560712
0.124213 0.09189666047
0.124798 0.09320120168
0.124798 0.09320120168
0.127111 0.09429496525
0.127901 0.08369947759
0.127901 0.08369947759
0.129139 0.1062779741
0.129582 0.107533695
0.129582 0.107533695
0.130693 0.09879072897
0.13089 0.1008699213
0.13089 0.1008699213
0.131673 0.1094476076
0.132003 0.11052213
0.132003 0.11052213
0.132235 0.1124480331
0.13214 0.1140147365
0.13214 0.1140147365
0.131569 0.1199571031
0.131383 0.1297705058
0.131383 0.1297705058
0.130015 0.1331468569
0.129677 0.1332457326
0.129677 0.1332457326
0.128116 0.1287125258
0.127397 0.130173608
0.127397 0.130173608
0.125573 0.1312213002
0.125138 0.1298565857
0.125138 0.1298565857
0.122292 0.1292581032
0.120937 0.1303798474
0.120937 0.1303798474
0.117434 0.1159018999
0.116667 0.1353662972
0.116667 0.1353662972
0.112862 0.1368708533
0.111371 0.1359274721
0.111371 0.1359274721
0.10703 0.1358787373
0.105105 0.1359343849
0.105105 0.1359343849
0.099763 0.1295239501
0.098553 0.1122550458
0.098553 0.1122550458
0.090902 0.1287207688
0.089646 0.1266170304
0.089646 0.1266170304
0.082447 0.1334586518
0.081359 0.1310164458
0.081359 0.1310164458
0.076519 0.1228867652
0.074776 0.1045047153
0.074776 0.1045047153
0.071257 0.1172438787
0.070613 0.1154477196
0.070613 0.1154477196
0.067267 0.1152738071
0.065923 0.1152176103
0.065923 0.1152176103
0.06283 0.1097370554
0.062219 0.09916202076
0.062219 0.09916202076
0.059285 0.1083056813
0.058036 0.1033368698
0.058036 0.1033368698
0.055181 0.09101135855
0.053636 0.08912074359
0.053636 0.08912074359
0.049735 0.07769708274
0.048927 0.06236202315
0.048927 0.06236202315
0.044827 0.07061894118
0.044024 0.06839751391
0.044024 0.06839751391
0.040031 0.07457505169
0.038499 0.07358729668
0.038499 0.07358729668
0.034994 0.06695969875
0.034309 0.05359498581
0.034309 0.05359498581
0.031637 0.0633912626
0.030385 0.06158149698
0.030385 0.06158149698
0.027642 0.06773580995
0.027125 0.06696269555
0.027125 0.06696269555
0.02519 0.05888115856
0.024314 0.05473438954
0.024314 0.05473438954
0.022663 0.05258965921
0.02228 0.05109183653
0.02228 0.05109183653
0.020688 0.04186227842
0.02043 0.04549065646
0.02043 0.04549065646
0.019337 0.03851620537
0.019163 0.03694679305
0.019163 0.03694679305
0.018434 0.03721798251
0.018289 0.03599044053
0.018289 0.03599044053
0.017593 0.02731274562
0.017471 0.01873109394
0.017471 0.01873109394
0.01696 0.02715613487
0.016702 0.02593344245
0.016702 0.02593344245
0.016161 0.02536756474
0.016069 0.0245868262
0.016069 0.0245868262
0.015653 0.02008436682
0.015407 0.01805050552
0.015407 0.01805050552
0.01489 0.01870348772
0.014784 0.01810102639
0.014784 0.01810102639
0.014429 0.01581964193
0.014397 0.02024794709
0.014397 0.02024794709
0.014235 0.0185106978
0.014178 0.01731680977
0.014178 0.01731680977
0.0138 0.01763747823
0.013721 0.01681953531
0.013721 0.01681953531
0.013331 0.01421251833
0.013254 0.008136995865
0.013254 0.008136995865
0.012918 0.01737169801
0.012826 0.01797852555
0.012826 0.01797852555
0.012724 0.01325474626
0.012731 0.01305926768
0.012731 0.01305926768
0.012753 0.01167503694
0.012745 0.01065581854
0.012745 0.01065581854
0.012655 0.016468511
0.012622 0.0161050304
0.012622 0.0161050304
0.01241 0.0136518619
0.012364 0.01396201928
0.012364 0.01396201928
0.012172 0.01341484621
0.012126 0.01328801453
0.012126 0.01328801453
0.01183 0.01182622158
0.011724 0.0115883158
0.011724 0.0115883158
0.011605 0.008690512597
0.011604 0.01313014714
0.011604 0.01313014714
0.011718 0.01359509186
0.011765 0.01367832612
0.011765 0.01367832612
0.012244 0.01389694734
0.012379 0.01349410823
0.012379 0.01349410823
0.013159 0.01150477914
0.013502 0.008213820904
0.013502 0.008213820904
0.0144 0.01301293881
0.014756 0.01308876808
0.014756 0.01308876808
0.015571 0.01029683572
0.015732 0.01026776519
0.015732 0.01026776519
0.016812 0.0109830605
0.017203 0.01044946299
0.017203 0.01044946299
0.018179 0.01073600071
0.018508 0.01025693729
0.018508 0.01025693729
0.019156 0.01051550554
0.019279 0.01153552331
0.019279 0.01153552331
0.019938 0.01352584534
0.020108 0.01261590007
0.020108 0.01261590007
0.020557 0.01638424404
0.020709 0.01657059753
0.020709 0.01657059753
0.021035 0.01475192981
0.021246 0.01513171025
0.021246 0.01513171025
0.021973 0.01615334697
0.022347 0.01505697869
0.022347 0.01505697869
0.023493 0.02038468608
0.023993 0.02069832836
0.023993 0.02069832836
0.025402 0.01927673644
0.026027 0.0195431288
0.026027 0.0195431288
0.027573 0.01632806284
0.028251 0.0196539396
0.028251 0.0196539396
0.030627 0.02274576471
0.031049 0.02297651117
0.031049 0.02297651117
0.03338 0.01860216977
0.033872 0.01944049098
0.033872 0.01944049098
0.036265 0.01600083012
0.037227 0.02093146733
0.037227 0.02093146733
0.039612 0.0235814755
0.040063 0.0236535029
0.040063 0.0236535029
0.042604 0.02552021836
0.042996 0.02628593588
0.042996 0.02628593588
0.044657 0.02021649566
0.044929 0.02423858355
0.044929 0.02423858355
0.045978 0.02892272428
0.046242 0.02960744649
0.046242 0.02960744649
0.046778 0.03103376628
0.046913 0.03380877765
0.046913 0.03380877765
0.047608 0.03161340944
0.047898 0.03478571626
0.047898 0.03478571626
0.048527 0.04122451506
0.048824 0.04211258091
0.048824 0.04211258091
0.049563 0.04440956447
0.049739 0.04548373326
0.049739 0.04548373326
0.050661 0.0487936828
0.050848 0.04764807647
0.050848 0.04764807647
0.051892 0.05004598945
0.05211 0.05013195498
0.05211 0.05013195498
0.053186 0.04199837089
0.053425 0.04311130847
0.053425 0.04311130847
0.054596 0.04695343833
0.054819 0.04735985068
0.054819 0.04735985068
0.055876 0.04904511865
0.056171 0.04940255635
0.056171 0.04940255635
0.056445 0.05078439392
0.056431 0.04210777794
0.056431 0.04210777794
0.056253 0.05049799688
0.056162 0.05124486425
0.056162 0.05124486425
0.055472 0.04594325943
0.055084 0.05203346138
0.055084 0.05203346138
0.054013 0.05357215031
0.053355 0.05387634385
0.053355 0.05387634385
0.051433 0.05479538051
0.050975 0.0553694875
0.050975 0.0553694875
0.048397 0.05513783638
0.047829 0.05497754147
0.047829 0.05497754147
0.044565 0.0613934361
0.043162 0.06101675948
0.043162 0.06101675948
0.039689 0.05005648387
0.038933 0.05799264209
0.038933 0.05799264209
0.034919 0.05814223189
0.034106 0.05813013872
0.034106 0.05813013872
0.029984 0.05983675856
0.028303 0.05950525406
0.028303 0.05950525406
0.025097 0.05660072003
0.023488 0.0552420258
0.023488 0.0552420258
0.019281 0.05704800913
0.018445 0.05621513347
0.018445 0.05621513347
0.014161 0.0543790725
0.013249 0.05598473634
0.013249 0.05598473634
0.008677 0.04574473598
0.00778 0.04278500156
0.00778 0.04278500156
0.003025 0.04562625214
0.001096 0.04408169491
0.001096 0.04408169491
-0.002594 0.03400838932
-0.003474 0.03133238793
-0.003474 0.03133238793
-0.007427 0.03228734347
-0.008096 0.02869766139
-0.008096 0.02869766139
-0.01057 0.02011501088
-0.011862 0.02947184561
-0.011862 0.02947184561
-0.014416 0.02287834949
-0.015023 0.0210161357
-0.015023 0.0210161357
-0.017628 0.02389024085
-0.018317 0.02199198488
-0.018317 0.02199198488
-0.021091 0.01109226871
-0.02177 0.008514462536
-0.02177 0.008514462536
-0.025336 0.01246857827
-0.026075 0.007873214441
-0.026075 0.007873214441
-0.028288 -0.0008403397221
-0.029016 -0.003331920594
-0.029016 -0.003331920594
-0.03216 -0.007963248936
-0.032957 -0.009605522784
-0.032957 -0.009605522784
-0.036034 -0.01789067166
-0.036754 -0.01986978447
-0.036754 -0.01986978447
-0.038994 -0.007893597802
-0.039754 -0.009649427238
-0.039754 -0.009649427238
-0.042719 -0.01719020147
-0.04342 -0.01855154162
-0.04342 -0.01855154162
-0.045472 -0.01231707415
-0.046168 -0.01404571693
-0.046168 -0.01404571693
-0.048903 -0.02110646284
-0.049558 -0.02285603496
-0.049558 -0.02285603496
-0.052097 -0.01881228108
-0.052748 -0.02030912706
-0.052748 -0.02030912706
-0.054686 -0.02442979991
-0.055314 -0.02573733128
-0.055314 -0.02573733128
-0.057694 -0.01776376036
-0.058274 -0.02471770783
-0.058274 -0.02471770783
-0.060403 -0.03148491995
-0.060873 -0.03392225071
-0.060873 -0.03392225071
-0.062493 -0.04115271224
-0.063244 -0.03231369715
-0.063244 -0.03231369715
-0.064523 -0.03826734281
-0.064779 -0.04218166069
-0.064779 -0.04218166069
-0.065609 -0.04795770635
-0.065808 -0.04906413843
-0.065808 -0.04906413843
-0.066695 -0.04670266357
-0.066844 -0.04852743531
-0.066844 -0.04852743531
-0.067504 -0.05362808907
-0.067662 -0.04412983338
-0.067662 -0.04412983338
-0.068256 -0.05350030309
-0.068329 -0.05500191862
-0.068329 -0.05500191862
-0.06876 -0.05230846549
-0.068857 -0.05848103637
-0.068857 -0.05848103637
-0.069185 -0.06422184822
-0.069259 -0.06613715679
-0.069259 -0.06613715679
-0.069649 -0.06231590422
-0.069876 -0.06539359126
-0.069876 -0.06539359126
-0.070403 -0.07026589207
-0.070532 -0.07100190595
-0.070532 -0.07100190595
-0.070785 -0.06606102988
-0.070782 -0.06730323676
-0.070782 -0.06730323676
-0.070489 -0.05582950687
-0.070385 -0.06588903401
-0.070385 -0.06588903401
-0.069739 -0.06979165087
-0.069523 -0.07064441895
-0.069523 -0.07064441895
-0.068563 -0.06680161491
-0.068017 -0.06817482341
-0.068017 -0.06817482341
-0.066711 -0.07181249783
-0.066344 -0.07225607782
-0.066344 -0.07225607782
-0.064621 -0.06796084792
-0.064079 -0.06866317833
-0.064079 -0.06866317833
-0.061535 -0.06873760423
-0.060825 -0.06837284174
-0.060825 -0.06837284174
-0.057833 -0.07597510069
-0.057029 -0.07562237157
-0.057029 -0.07562237157
-0.053656 -0.07373387303
-0.051932 -0.0731951818
-0.051932 -0.0731951818
-0.048515 -0.07334537259
-0.047639 -0.07283078968
-0.047639 -0.07283078968
-0.044135 -0.06062847381
-0.043279 -0.07014569083
-0.043279 -0.07014569083
-0.03992 -0.07048148847
-0.039081 -0.06993173948
-0.039081 -0.06993173948
-0.035845 -0.06939393058
-0.035088 -0.07556595217
-0.035088 -0.07556595217
-0.032231 -0.07063767488
-0.031537 -0.06928086832
-0.031537 -0.06928086832
-0.02956 -0.05685392954
-0.02837 -0.06389726601
-0.02837 -0.06389726601
-0.026743 -0.05866248401
-0.026199 -0.05734277559
-0.026199 -0.05734277559
-0.024093 -0.05122450942
-0.023599 -0.04464910252
-0.023599 -0.04464910252
-0.021789 -0.04970071265
-0.021341 -0.04889456838
-0.021341 -0.04889456838
-0.019582 -0.04207357286
-0.019159 -0.03873755484
-0.019159 -0.03873755484
-0.017936 -0.0406737196
-0.017529 -0.03890411341
-0.017529 -0.03890411341
-0.015956 -0.03355206814
-0.015592 -0.03117544403
-0.015592 -0.03117544403
-0.014337 -0.03274294286
-0.014042 -0.03096890028
-0.014042 -0.03096890028
-0.013171 -0.02431884789
-0.01289 -0.02246202744
-0.01289 -0.02246202744
-0.01187 -0.02861588316
-0.011629 -0.02754464815
-0.011629 -0.02754464815
-0.010855 -0.02248390847
-0.010581 -0.0209741274
-0.010581 -0.0209741274
-0.009421 -0.02344049652
-0.009124 -0.02274605087
-0.009124 -0.02274605087
-0.008039 -0.02047287324
-0.0078 -0.01956133541
-0.0078 -0.01956133541
-0.007176 -0.01999582028
-0.007004 -0.01906035993
-0.007004 -0.01906035993
-0.006419 -0.01415448622
-0.006286 -0.01258580079
-0.006286 -0.01258580079
-0.00584 -0.006524529056
-0.00584 -0.01469162326
-0.00584 -0.01469162326
-0.005473 -0.01192953384
-0.005357 -0.01115565449
-0.005357 -0.01115565449
-0.004817 -0.006461805393
-0.004669 -0.0133380591
-0.004669 -0.0133380591
-0.004219 -0.01305724505
-0.004066 -0.01270973622
-0.004066 -0.01270973622
-0.003599 -0.01210903114
-0.003444 -0.01165839958
-0.003444 -0.01165839958
-0.002994 -0.007532900685
-0.002853 -0.006881404459
-0.002853 -0.006881404459
-0.002439 -0.005255769323
-0.002304 -0.005037452468
-0.002304 -0.005037452468
-0.002043 -0.003206750845
-0.001917 -0.003206750845
-0.001917 -0.003206750845
-0.001565 -0.006407399617
-0.001565 -0.005763812632
-0.001565 -0.005763812632
-0.001231 -0.005010834888
-0.001231 -0.004477984309
-0.001231 -0.004477984309
-0.000918 -0.003517324653
-0.000918 -0.005339552414
-0.000918 -0.005339552414
-0.000727 -0.008381233449
-0.000638 -0.008381233449
-0.000638 -0.008381233449
-0.000437 -0.007612176833
-0.000437 -0.006859104529
-0.000437 -0.006859104529
-0.000187 -0.006527532961
-0.000187 -0.00588461075
-0.000187 -0.00588461075
0.000107 -0.00588461075
0.000107 -0.0048062388
0.000107 -0.0048062388
0.00044 -0.003298731464
0.00044 -0.003298731464
0.00044 -0.003298731464
0.00062 -0.004380803657
