6.95322e-310 6.95322e-310 0 0
6.953215599e-310 6.953215599e-310 0 0
6.953215599e-310 6.953215599e-310 0 0
6.953215599e-310 6.953215599e-310 0 0
6.953215599e-310 6.953215599e-310 0 0
6.953215599e-310 6.953215599e-310 0 0
6.953215599e-310 6.953215599e-310 0 0
6.953215599e-310 6.953215599e-310 0 0
6.953215599e-310 6.953215599e-310 0 0
6.953215599e-310 6.953215599e-310 0 0
6.953215599e-310 6.953215599e-310 0 0
6.953215599e-310 6.953215599e-310 0 0
6.953215599e-310 6.953215599e-310 0 0
6.953215599e-310 6.953215599e-310 0 0
6.953215599e-310 6.953215599e-310 0 0
6.953215599e-310 6.953215599e-310 0 0
6.953215599e-310 6.953215599e-310 0 0
6.953215599e-310 6.953215599e-310 0 0
6.953215599e-310 6.953215599e-310 0 0
6.953215599e-310 6.953215599e-310 0 0
6.953215599e-310 6.953215599e-310 0 0
6.953215599e-310 6.953215599e-310 0 0
6.953215599e-310 6.953215599e-310 0 0
6.953215599e-310 6.953215599e-310 0 0
6.953215599e-310 6.953215599e-310 0 0
6.953215599e-310 6.953215599e-310 0 0
6.953215599e-310 6.953215599e-310 0 0
6.953215599e-310 6.953215599e-310 0 0
6.953215599e-310 6.953215599e-310 0 0
6.953215599e-310 6.953215599e-310 0 0
6.953215599e-310 6.953215599e-310 0 0
6.953215599e-310 6.953215599e-310 0 0
6.953215599e-310 6.953215599e-310 0 0
6.953215599e-310 6.953215599e-310 0 0
6.953215599e-310 6.953215599e-310 0 0
6.953215599e-310 6.953215599e-310 0 0
0.055269 -0.05874199979 0.0001409999677 -7.899943739e-05
0.05540700001 -0.05881999992 0.0001380000031 -7.800012827e-05
0.05540700001 -0.05881999992 0.0001380000031 -7.800012827e-05
0.05641999998 -0.05947900005 9.899999714e-05 -7.000006735e-05
0.05651600001 -0.05954699963 9.60000325e-05 -6.799958646e-05
0.05651600001 -0.05954699963 9.60000325e-05 -6.799958646e-05
0.05757 -0.06019600015 0.0001200000406 -7.700035349e-05
0.05768999999 -0.06026999978 0.0001199999824 -7.399963215e-05
0.05768999999 -0.06026999978 0.0001199999824 -7.399963215e-05
0.05852700002 -0.06079000002 9.900005534e-05 -5.399994552e-05
0.058624 -0.06084099971 9.699998191e-05 -5.099968985e-05
0.058624 -0.06084099971 9.699998191e-05 -5.099968985e-05
0.05943300005 -0.06131999986 0.0001150000608 -8.199969307e-05
0.05943300005 -0.06131999986 0.0001150000608 -8.199969307e-05
0.05943300005 -0.06131999986 0.0001150000608 -8.199969307e-05
0.06017800001 -0.06183300028 8.19999841e-05 -5.500018597e-05
0.06026899995 -0.06189499982 9.099993622e-05 -6.199954078e-05
0.06026899995 -0.06189499982 9.099993622e-05 -6.199954078e-05
0.06090099999 -0.06231700024 8.699996397e-05 -5.70002012e-05
0.060987 -0.06237399997 8.600001456e-05 -5.699973553e-05
0.060987 -0.06237399997 8.600001456e-05 -5.699973553e-05
0.06166499999 -0.06273300014 0.0001199999824 -5.500018597e-05
0.06178500003 -0.06278300006 0.0001200000406 -4.999991506e-05
0.06178500003 -0.06278300006 0.0001200000406 -4.999991506e-05
0.06246900005 -0.06305200001 0.0001130001037 -5.399994552e-05
0.06258099998 -0.06310599996 0.0001119999215 -5.399994552e-05
0.06258099998 -0.06310599996 0.0001119999215 -5.399994552e-05
0.063241 -0.0634300001 0.0001069999998 -5.300017074e-05
0.063341 -0.0634999997 0.0001000000047 -6.999960169e-05
0.063341 -0.0634999997 0.0001000000047 -6.999960169e-05
0.06386900001 -0.06365900021 0.00010200002 -2.200063318e-05
0.06397000002 -0.06367499987 0.0001010000124 -1.599965617e-05
0.06397000002 -0.06367499987 0.0001010000124 -1.599965617e-05
0.06456199999 -0.06372999959 0.000103999977 -1.799920574e-05
0.064664 -0.0637450004 0.00010200002 -1.500081271e-05
0.064664 -0.0637450004 0.00010200002 -1.500081271e-05
0.06512500002 -0.06378199998 8.500000695e-05 -1.000240445e-06
0.06520700001 -0.06378100021 8.19999841e-05 9.997747838e-07
0.06520700001 -0.06378100021 8.19999841e-05 9.997747838e-07
0.06553899997 -0.06396199996 6.099994062e-05 -2.800021321e-05
0.06559700001 -0.06398600014 5.800003419e-05 -2.400018275e-05
0.06559700001 -0.06398600014 5.800003419e-05 -2.400018275e-05
0.065817 -0.06399299996 3.500003368e-05 3.500003368e-05
0.065886 -0.06395700015 6.900000153e-05 3.599980846e-05
0.065886 -0.06395700015 6.900000153e-05 3.599980846e-05
0.0662 -0.06375099998 5.999999121e-05 4.399986938e-05
0.066254 -0.0637050001 5.400000373e-05 4.599988461e-05
0.066254 -0.0637050001 5.400000373e-05 4.599988461e-05
0.06644899998 -0.06354499981 2.99999374e-05 1.800013706e-05
0.06647800002 -0.06352400035 2.90000462e-05 2.099946141e-05
0.06647800002 -0.06352400035 2.90000462e-05 2.099946141e-05
0.06660000002 -0.06339100003 2.000003587e-05 3.100000322e-05
0.06661899999 -0.06336000003 1.899997005e-05 3.100000322e-05
0.06661899999 -0.06336000003 1.899997005e-05 3.100000322e-05
0.06677999999 -0.06319099991 3.69999907e-05 3.300048411e-05
0.06681500003 -0.06315599987 3.500003368e-05 3.500003368e-05
0.06681500003 -0.06315599987 3.500003368e-05 3.500003368e-05
0.06694699998 -0.0630160002 3.199995263e-05 3.499956802e-05
0.06698200002 -0.06298699975 3.500003368e-05 2.900045365e-05
0.06698200002 -0.06298699975 3.500003368e-05 2.900045365e-05
0.06714 -0.06274900027 2.699997276e-05 5.099968985e-05
0.06716499996 -0.0626960001 2.499995753e-05 5.300017074e-05
0.06716499996 -0.0626960001 2.499995753e-05 5.300017074e-05
0.067262 -0.06243900023 2.899998799e-05 3.699958324e-05
0.067293 -0.06240000017 3.100000322e-05 3.900006413e-05
0.067293 -0.06240000017 3.100000322e-05 3.900006413e-05
0.06744799996 -0.06220500031 3.199995263e-05 3.899959847e-05
0.06747800001 -0.06216700003 3.000005381e-05 3.800028935e-05
0.06747800001 -0.06216700003 3.000005381e-05 3.800028935e-05
0.06759300001 -0.06198700005 2.700003097e-05 4.999991506e-05
0.06764899998 -0.061888 2.799998038e-05 4.900014028e-05
0.06764899998 -0.061888 2.799998038e-05 4.900014028e-05
0.06775300001 -0.06168999989 2.600002335e-05 4.900014028e-05
0.06777700002 -0.06164300023 2.400000812e-05 4.699965939e-05
0.06777700002 -0.06164300023 2.400000812e-05 4.699965939e-05
0.06789400004 -0.06148299994 2.800003858e-05 2.599973232e-05
0.06792199996 -0.06145900022 2.799992217e-05 2.399971709e-05
0.06792199996 -0.06145900022 2.799992217e-05 2.399971709e-05
0.06808599998 -0.06138199987 4.000001354e-05 5.000270903e-06
0.06813100004 -0.06136200018 4.500005161e-05 1.999968663e-05
0.06813100004 -0.06136200018 4.500005161e-05 1.999968663e-05
0.06835199997 -0.06126599992 4.399992758e-05 1.899991184e-05
0.06839600002 -0.06125100004 4.4000044e-05 1.499988139e-05
0.06839600002 -0.06125100004 4.4000044e-05 1.499988139e-05
0.06853400002 -0.06120899972 2.400000812e-05 4.000496119e-06
0.06855699996 -0.06120500015 2.29999423e-05 3.999564797e-06
0.06855699996 -0.06120500015 2.29999423e-05 3.999564797e-06
0.06867400004 -0.06119700009 2.300005872e-05 -4.656612873e-10
0.06869699998 -0.06119900011 2.29999423e-05 -2.000015229e-06
0.06869699998 -0.06119900011 2.29999423e-05 -2.000015229e-06
0.06884700002 -0.06106500002 3.400002606e-05 4.700012505e-05
0.06887899997 -0.06101599988 3.199995263e-05 4.900014028e-05
0.06887899997 -0.06101599988 3.199995263e-05 4.900014028e-05
0.06900299998 -0.0608049999 2.899998799e-05 5.500018597e-05
0.06904099998 -0.06071099965 8.999952115e-06 3.600073978e-05
0.06904099998 -0.06071099965 8.999952115e-06 3.600073978e-05
0.06908099999 -0.06069199974 1.100002555e-05 4.000496119e-06
0.06909100001 -0.06068699993 1.000001794e-05 4.999805242e-06
0.06909100001 -0.06068699993 1.000001794e-05 4.999805242e-06
0.06913800002 -0.06067899987 7.000053301e-06 -9.999610484e-06
0.069166 -0.06066300021 2.799998038e-05 1.599965617e-05
0.069166 -0.06066300021 2.799998038e-05 1.599965617e-05
0.06928699999 -0.0605779998 3.200001083e-05 2.500042319e-05
0.06935599999 -0.06052200031 3.399996785e-05 2.899952233e-05
0.06935599999 -0.06052200031 3.399996785e-05 2.899952233e-05
0.069472 -0.06040400034 2.400000812e-05 2.499949187e-05
0.06949899998 -0.06037599966 2.699997276e-05 2.800067887e-05
0.06949899998 -0.06037599966 2.699997276e-05 2.800067887e-05
0.06966500002 -0.06020900002 3.700004891e-05 3.699958324e-05
0.06970499997 -0.06017199997 3.999995533e-05 3.700004891e-05
0.06970499997 -0.06017199997 3.999995533e-05 3.700004891e-05
0.06996499997 -0.0599229997 5.299993791e-05 5.600042641e-05
0.070015 -0.05986900022 5.000003148e-05 5.399947986e-05
0.070015 -0.05986900022 5.000003148e-05 5.399947986e-05
0.07020799996 -0.05964499991 4.599994281e-05 5.599996075e-05
0.07025300001 -0.05958899995 4.500005161e-05 5.599996075e-05
0.07025300001 -0.05958899995 4.500005161e-05 5.599996075e-05
0.07040199998 -0.0594250001 3.499997547e-05 4.100007936e-05
0.07043799997 -0.05937899975 3.599998308e-05 4.600035027e-05
0.07043799997 -0.05937899975 3.599998308e-05 4.600035027e-05
0.07058900001 -0.05916800024 4.000001354e-05 5.699973553e-05
0.070679 -0.05906100012 4.700000864e-05 5.199993029e-05
0.070679 -0.05906100012 4.700000864e-05 5.199993029e-05
0.07086400001 -0.05882100016 4.600000102e-05 6.299978122e-05
0.07091000001 -0.0587559999 4.600000102e-05 6.500026211e-05
0.07091000001 -0.0587559999 4.600000102e-05 6.500026211e-05
0.07113000005 -0.05842299992 4.900008207e-05 6.699981168e-05
0.07117899996 -0.05835600011 4.899990745e-05 6.699981168e-05
0.07117899996 -0.05835600011 4.899990745e-05 6.699981168e-05
0.07138500002 -0.05806499999 5.300005432e-05 7.500033826e-05
0.07149100001 -0.05791299976 5.400000373e-05 7.600011304e-05
0.07149100001 -0.05791299976 5.400000373e-05 7.600011304e-05
0.07167400001 -0.05763299996 4.100002116e-05 7.299985737e-05
0.07171300001 -0.05755800009 3.900000593e-05 7.49998726e-05
0.07171300001 -0.05755800009 3.900000593e-05 7.49998726e-05
0.071902 -0.05715500005 3.599998308e-05 8.399970829e-05
0.07193599996 -0.0570700001 3.399996785e-05 8.499994874e-05
0.07193599996 -0.0570700001 3.399996785e-05 8.499994874e-05
0.07201400003 -0.0566730001 2.600002335e-05 0.0001019998454
0.07207599998 -0.0564679997 3.100000322e-05 0.000102000311
0.07207599998 -0.0564679997 3.100000322e-05 0.000102000311
0.07226299995 -0.05600900017 3.999989713e-05 5.199993029e-05
0.07229800004 -0.05596200004 3.500009188e-05 4.700012505e-05
0.07229800004 -0.05596200004 3.500009188e-05 4.700012505e-05
0.07244600001 -0.05574400024 3.799999831e-05 5.899975076e-05
0.072484 -0.0556859998 3.799999831e-05 5.800044164e-05
0.072484 -0.0556859998 3.799999831e-05 5.800044164e-05
0.07264299999 -0.05534199998 3.399996785e-05 9.099999443e-05
0.07267999998 -0.05524899997 3.69999907e-05 9.300000966e-05
0.07267999998 -0.05524899997 3.69999907e-05 9.300000966e-05
0.07291399996 -0.05476400023 5.299993791e-05 9.899958968e-05
0.07296700001 -0.05466499971 5.300005432e-05 9.9000521e-05
0.07296700001 -0.05466499971 5.300005432e-05 9.9000521e-05
0.07322399999 -0.05435499968 6.899994332e-05 8.000060916e-05
0.07336400001 -0.05418199999 7.100001676e-05 8.89999792e-05
0.07336400001 -0.05418199999 7.100001676e-05 8.89999792e-05
0.07365399995 -0.05379199982 7.299991557e-05 0.0001030000858
0.07380499999 -0.05360099999 7.799995365e-05 8.600018919e-05
0.07380499999 -0.05360099999 7.799995365e-05 8.600018919e-05
0.07419700001 -0.05317599978 0.0001000000047 0.0001130001619
0.07429600001 -0.0530600003 9.899999714e-05 0.0001159994863
0.07429600001 -0.0530600003 9.899999714e-05 0.0001159994863
0.07477500004 -0.05244700005 7.400009781e-05 0.0001169997267
0.07483399997 -0.05233399989 5.899992539e-05 0.0001130001619
0.07483399997 -0.05233399989 5.899992539e-05 0.0001130001619
0.07513300003 -0.05175399967 6.000004942e-05 0.0001170006581
0.07519299997 -0.05163600016 5.9999933e-05 0.0001179995015
0.07519299997 -0.05163600016 5.9999933e-05 0.0001179995015
0.07553999999 -0.05110800033 8.499994874e-05 0.0001179995015
0.07562600001 -0.05098599987 8.600001456e-05 0.0001220004633
0.07562600001 -0.05098599987 8.600001456e-05 0.0001220004633
0.07605999999 -0.05029099993 8.600001456e-05 0.0001490004361
0.07614800002 -0.05013899971 8.800002979e-05 0.0001520002261
0.07614800002 -0.05013899971 8.800002979e-05 0.0001520002261
0.076504 -0.04919699999 7.100001676e-05 0.0001889998093
0.07657400001 -0.0490070004 7.000000915e-05 0.0001899995841
0.07657400001 -0.0490070004 7.000000915e-05 0.0001899995841
0.07690500002 -0.04811700014 6.200000644e-05 0.0001419996843
0.07697399997 -0.04796200013 6.899994332e-05 0.0001550000161
0.07697399997 -0.04796200013 6.899994332e-05 0.0001550000161
0.0773 -0.04716400011 6.200000644e-05 0.0001619998366
0.07736199995 -0.0470019998 6.199994823e-05 0.0001620003022
0.07736199995 -0.0470019998 6.199994823e-05 0.0001620003022
0.07761799998 -0.04619299993 4.699995043e-05 0.0001699998975
0.07766399998 -0.04602399981 4.600000102e-05 0.0001690001227
0.07766399998 -0.04602399981 4.600000102e-05 0.0001690001227
0.07787099999 -0.04517199984 3.69999907e-05 0.0001679998823
0.07790600002 -0.0450050002 3.500003368e-05 0.0001669996418
0.07790600002 -0.0450050002 3.500003368e-05 0.0001669996418
0.07811400003 -0.04437700007 5.100003909e-05 0.0001240000129
0.07816400001 -0.04425500007 4.999997327e-05 0.0001219999976
0.07816400001 -0.04425500007 4.999997327e-05 0.0001219999976
0.078423 -0.04370999988 4.700000864e-05 7.600011304e-05
0.078523 -0.04344400018 5.099998089e-05 0.0001349998638
0.078523 -0.04344400018 5.099998089e-05 0.0001349998638
0.07872699999 -0.04287800007 4.999997327e-05 0.0001449999399
0.07877899997 -0.04272999987 5.19999885e-05 0.0001480001956
0.07877899997 -0.04272999987 5.19999885e-05 0.0001480001956
0.079065 -0.04202699987 7.199996617e-05 0.0001349998638
0.07921400003 -0.04175900016 7.500004722e-05 0.0001329998486
0.07921400003 -0.04175900016 7.500004722e-05 0.0001329998486
0.07961199997 -0.04111600015 8.099997649e-05 0.0001240000129
0.07968600001 -0.04105399968 7.40000396e-05 6.20004721e-05
0.07968600001 -0.04105399968 7.40000396e-05 6.20004721e-05
0.08004300005 -0.04044599971 7.200008258e-05 0.0001320005395
0.08011599997 -0.04031200008 7.299991557e-05 0.0001339996234
0.08011599997 -0.04031200008 7.299991557e-05 0.0001339996234
0.080479 -0.03964699991 7.000000915e-05 0.0001360001042
0.08054699999 -0.039506 6.799999392e-05 0.0001409999095
0.08054699999 -0.039506 6.799999392e-05 0.0001409999095
0.080854 -0.03870899975 5.600001896e-05 0.0001700003631
0.080908 -0.03853600007 5.400000373e-05 0.0001729996875
0.080908 -0.03853600007 5.400000373e-05 0.0001729996875
0.081236 -0.03773400001 7.499998901e-05 0.0001700003631
0.081382 -0.03737400007 7.199996617e-05 0.0001829997636
0.081382 -0.03737400007 7.199996617e-05 0.0001829997636
0.08169699996 -0.036417 4.099996295e-05 0.0001819999889
0.08173700003 -0.03617799981 4.000007175e-05 0.00023900019
0.08173700003 -0.03617799981 4.000007175e-05 0.00023900019
0.08193499997 -0.0348629998 3.899994772e-05 0.0002780002542
0.08197300002 -0.03458000021 3.800005652e-05 0.0002829995938
0.08197300002 -0.03458000021 3.800005652e-05 0.0002829995938
0.08222599997 -0.0330670001 4.699995043e-05 0.0002349996939
0.08227400004 -0.03282999992 4.800007446e-05 0.0002370001748
0.08227400004 -0.03282999992 4.800007446e-05 0.0002370001748
0.08249399997 -0.03160400037 4.199997056e-05 0.0002469993196
0.08252900001 -0.03138699988 3.500003368e-05 0.0002170004882
0.08252900001 -0.03138699988 3.500003368e-05 0.0002170004882
0.08273299999 -0.02973499987 2.99999956e-05 0.0002840002999
0.08276300004 -0.02944799978 3.000005381e-05 0.0002870000899
0.08276300004 -0.02944799978 3.000005381e-05 0.0002870000899
0.08295499999 -0.02787200036 3.399996785e-05 0.0002599996515
0.08298900002 -0.02760799974 3.400002606e-05 0.0002640006132
0.08298900002 -0.02760799974 3.400002606e-05 0.0002640006132
0.08312100003 -0.02625400014 2.20000511e-05 0.0002719997428
0.083162 -0.02595899999 4.099996295e-05 0.0002950001508
0.083162 -0.02595899999 4.099996295e-05 0.0002950001508
0.083446 -0.0240079998 3.800005652e-05 0.0003190003335
0.08348200005 -0.02369400021 3.600004129e-05 0.000313999597
0.08348200005 -0.02369400021 3.600004129e-05 0.000313999597
0.08363100002 -0.02224699967 2.899998799e-05 0.0002890005708
0.08367800002 -0.02167299995 2.20000511e-05 0.0002860003151
0.08367800002 -0.02167299995 2.20000511e-05 0.0002860003151
0.08374600002 -0.02028399985 8.000002708e-06 0.0002700001933
0.08378500002 -0.01981700025 2.000003587e-05 0.0002389997244
0.08378500002 -0.01981700025 2.000003587e-05 0.0002389997244
0.08383199997 -0.01866499986 1.999957021e-06 0.0002230000682
0.08382399997 -0.01823899988 -6.000045687e-06 0.0002110004425
0.08382399997 -0.01823899988 -6.000045687e-06 0.0002110004425
0.08379200002 -0.01701499987 -8.999952115e-06 0.0002610003576
0.083767 -0.01651299978 -1.399999019e-05 0.0002480004914
0.083767 -0.01651299978 -1.399999019e-05 0.0002480004914
0.08366500004 -0.01543999976 -1.399993198e-05 0.0001660003327
0.08361100004 -0.01503299968 -2.899992978e-05 0.0002020006068
0.08361100004 -0.01503299968 -2.899992978e-05 0.0002020006068
0.08340299997 -0.01409499999 -5.000003148e-05 0.0001770001836
0.083292 -0.01376200002 -5.800003419e-05 0.000163000077
0.083292 -0.01376200002 -5.800003419e-05 0.000163000077
0.082964 -0.01278500026 -7.499998901e-05 0.0001919995993
0.08280099998 -0.01242200006 -8.300004993e-05 0.000176999718
0.08280099998 -0.01242200006 -8.300004993e-05 0.000176999718
0.08231800003 -0.01147700008 -6.499991287e-05 0.0001520002261
0.08218000003 -0.01119899983 -7.099995855e-05 0.000134000089
0.08218000003 -0.01119899983 -7.099995855e-05 0.000134000089
0.08179199998 -0.01067999983 -8.299999172e-05 8.200015873e-05
0.08164400002 -0.01051500021 -7.700000424e-05 0.0001059998758
0.08164400002 -0.01051500021 -7.700000424e-05 0.0001059998758
0.08113199996 -0.0100080003 -9.000004502e-05 6.699934602e-05
0.08104000002 -0.009947999846 -9.199994383e-05 6.000045687e-05
0.08104000002 -0.009947999846 -9.199994383e-05 6.000045687e-05
0.080502 -0.009519000072 -8.900003741e-05 6.60000369e-05
0.08032800001 -0.009411999956 -8.699996397e-05 4.900014028e-05
0.08032800001 -0.009411999956 -8.699996397e-05 4.900014028e-05
0.07990000001 -0.009087999817 -6.099999882e-05 8.699996397e-05
0.079837 -0.009005000349 -6.300001405e-05 8.299946785e-05
0.079837 -0.009005000349 -6.300001405e-05 8.299946785e-05
0.07944100001 -0.008647999726 -6.69999863e-05 4.500010982e-05
0.07929699996 -0.00862800004 -8.500006516e-05 -4.000030458e-06
0.07929699996 -0.00862800004 -8.500006516e-05 -4.000030458e-06
0.07874699996 -0.008826999925 -9.500002488e-05 -5.399994552e-05
0.078553 -0.008958000224 -9.700004011e-05 -7.000053301e-05
0.078553 -0.008958000224 -9.700004011e-05 -7.000053301e-05
0.07792299998 -0.009043999948 -0.0001040000352 -3.100000322e-05
0.07782100001 -0.009084000252 -0.0001019999618 -4.000030458e-05
0.07782100001 -0.009084000252 -0.0001019999618 -4.000030458e-05
0.07712899998 -0.009374000132 -0.0001030000276 -3.200024366e-05
0.07702899998 -0.009411999956 -0.0001000000047 -3.799982369e-05
0.07702899998 -0.009411999956 -0.0001000000047 -3.799982369e-05
0.07642500004 -0.009757999796 -0.0001189999166 -5.799951032e-05
0.07618600002 -0.009951000102 -0.0001169999596 -0.0001010000706
0.07618600002 -0.009951000102 -0.0001169999596 -0.0001010000706
0.07559100003 -0.01073700003 -8.599995635e-05 -0.0001509999856
0.07544599997 -0.01101899985 -6.400002167e-05 -0.0001229997724
0.07544599997 -0.01101899985 -6.400002167e-05 -0.0001229997724
0.07505400002 -0.01168600004 -5.599996075e-05 -0.0001270002685
0.07500299998 -0.01181899989 -5.100003909e-05 -0.0001329998486
0.07500299998 -0.01181899989 -5.100003909e-05 -0.0001329998486
0.07466699998 -0.01286800019 -3.900000593e-05 -0.0001710001379
0.07463400002 -0.0130429999 -3.299996024e-05 -0.0001749997027
0.07463400002 -0.0130429999 -3.299996024e-05 -0.0001749997027
0.07453699998 -0.01413600007 -1.900002826e-05 -0.0001739999279
0.07451300003 -0.01450799964 -9.99995973e-06 -0.0001899995841
0.07451300003 -0.01450799964 -9.99995973e-06 -0.0001899995841
0.07454500004 -0.01576799992 1.600006362e-05 -0.0002230000682
0.07455399999 -0.01612100005 1.000007614e-06 -0.0001739999279
0.07455399999 -0.01612100005 1.000007614e-06 -0.0001739999279
0.07466000004 -0.01727700001 3.000005381e-05 -0.0002020001411
0.07469499996 -0.01748400042 3.499991726e-05 -0.000207000412
0.07469499996 -0.01748400042 3.499991726e-05 -0.000207000412
0.07502699998 -0.01882599993 6.599997869e-05 -0.0002359999344
0.07516800001 -0.01930199983 7.200002437e-05 -0.0002379999496
0.07516800001 -0.01930199983 7.200002437e-05 -0.0002379999496
0.07562100003 -0.02046199981 8.900003741e-05 -0.0002399999648
0.07578700001 -0.02095000027 8.10000347e-05 -0.0002450002357
0.07578700001 -0.02095000027 8.10000347e-05 -0.0002450002357
0.07620999997 -0.02246499993 6.199994823e-05 -0.000252999831
0.07628700003 -0.02267900016 7.700006245e-05 -0.0002140002325
0.07628700003 -0.02267900016 7.700006245e-05 -0.0002140002325
0.07658000005 -0.02390399994 3.500009188e-05 -0.0002039996907
0.07660899998 -0.02410299983 2.899992978e-05 -0.0001989998855
0.07660899998 -0.02410299983 2.899992978e-05 -0.0001989998855
0.07666599995 -0.02533700038 -1.000065822e-06 -0.0002260007896
0.07665399997 -0.0257939999 -8.000060916e-06 -0.0002279998735
0.07665399997 -0.0257939999 -8.000060916e-06 -0.0002279998735
0.07658699999 -0.02670099959 -2.19999929e-05 -0.0002249991521
0.07662499999 -0.02709400002 1.099996734e-05 -0.0002129999921
0.07662499999 -0.02709400002 1.099996734e-05 -0.0002129999921
0.07653900003 -0.02820099983 -3.599992488e-05 -0.0002249996178
0.07644199999 -0.02864999976 -5.400000373e-05 -0.0002249996178
0.07644199999 -0.02864999976 -5.400000373e-05 -0.0002249996178
0.07621500001 -0.02969399979 -4.499999341e-05 -0.0002119997516
0.07610499999 -0.03012100002 -5.800003419e-05 -0.0002139997669
0.07610499999 -0.03012100002 -5.800003419e-05 -0.0002139997669
0.07575399999 -0.03114699991 -5.300005432e-05 -0.0001849997789
0.07567799999 -0.03137600003 -7.599999662e-05 -0.0002290001139
0.07567799999 -0.03137600003 -7.599999662e-05 -0.0002290001139
0.07503299997 -0.03278200002 -0.0001300000586 -0.0002340003848
0.07489699998 -0.03301500017 -0.0001359999878 -0.0002330001444
0.07489699998 -0.03301500017 -0.0001359999878 -0.0002330001444
0.07428300002 -0.03406900028 -0.0001259999699 -0.0002140006982
0.07400399999 -0.03449900029 -0.0001429999829 -0.000215000473
0.07400399999 -0.03449900029 -0.0001429999829 -0.000215000473
0.07320900005 -0.03551700013 -0.0001489999122 -0.0001710001379
0.07305099996 -0.03573099989 -0.0001580000971 -0.0002139997669
0.07305099996 -0.03573099989 -0.0001580000971 -0.0002139997669
0.071948 -0.03705599997 -0.0002000000095 -0.0002219998278
0.071742 -0.0372779998 -0.000205999997 -0.0002219998278
0.071742 -0.0372779998 -0.000205999997 -0.0002219998278
0.07077600004 -0.03842499992 -0.0001919999486 -0.000250000041
0.070381 -0.03893100005 -0.0001990000019 -0.0002549998462
0.070381 -0.03893100005 -0.0001990000019 -0.0002549998462
0.06939100003 -0.04020200018 -0.0001689999481 -0.0002460004762
0.06901900005 -0.04070199979 -0.0001869999105 -0.0002499995753
0.06901900005 -0.04070199979 -0.0001869999105 -0.0002499995753
0.068233 -0.04168500006 -0.0002000000095 -0.0002410002053
0.06782900001 -0.04215800017 -0.0002019999665 -0.0002340003848
0.06782900001 -0.04215800017 -0.0002019999665 -0.0002340003848
0.06670699996 -0.04338600021 -0.0002430000459 -0.0002510002814
0.06621700001 -0.0438740002 -0.0002450000029 -0.0002410002053
0.06621700001 -0.0438740002 -0.0002450000029 -0.0002410002053
0.06500900001 -0.0449699997 -0.0002189999796 -0.000200999435
0.06476899999 -0.04520900035 -0.000240000023 -0.0002390006557
0.06476899999 -0.04520900035 -0.000240000023 -0.0002390006557
0.06355199998 -0.04631600017 -0.0002450000029 -0.0002089999616
0.06306499999 -0.04671300016 -0.0002430000459 -0.0001950003207
0.06306499999 -0.04671300016 -0.0002430000459 -0.0001950003207
0.06193500001 -0.04757699976 -0.0002139999997 -0.000165999867
0.06172499998 -0.04773900006 -0.0002100000274 -0.0001620003022
0.06172499998 -0.04773900006 -0.0002100000274 -0.0001620003022
0.06059200002 -0.04857200012 -0.0001729999785 -0.0001390003599
0.06037000002 -0.04874600004 -0.0002220000024 -0.0001739999279
0.06037000002 -0.04874600004 -0.0002220000024 -0.0001739999279
0.05932 -0.04948899988 -0.0002000000095 -0.0001309998333
0.058938 -0.04972200003 -0.0001880000345 -0.0001119999215
0.058938 -0.04972200003 -0.0001880000345 -0.0001119999215
0.05803799996 -0.05037900014 -0.000175000052 -0.0001309998333
0.05770900002 -0.05060199974 -0.000159999996 -0.0001059998758
0.05770900002 -0.05060199974 -0.000159999996 -0.0001059998758
0.05700799997 -0.05095800012 -0.0001390000107 -5.70002012e-05
0.056843 -0.05102200015 -0.0001649999758 -6.400002167e-05
0.056843 -0.05102200015 -0.0001649999758 -6.400002167e-05
0.05604499998 -0.05115099996 -0.0001090000151 1.100031659e-05
0.05594699999 -0.05112699978 -9.799998952e-05 2.400018275e-05
0.05594699999 -0.05112699978 -9.799998952e-05 2.400018275e-05
0.05538700003 -0.05105399992 -0.0001119999797 1.600012183e-05
0.05519600003 -0.0509850001 -9.099993622e-05 3.999983892e-05
0.05519600003 -0.0509850001 -9.099993622e-05 3.999983892e-05
0.05491199996 -0.05065899994 -4.000007175e-05 5.100015551e-05
0.05480300001 -0.05058300029 -4.900002386e-05 4.399940372e-05
0.05480300001 -0.05058300029 -4.900002386e-05 4.399940372e-05
0.05470900005 -0.05019199988 2.000073437e-06 0.0001000002958
0.05472099996 -0.05007999996 1.199991675e-05 0.0001119999215
0.05472099996 -0.05007999996 1.199991675e-05 0.0001119999215
0.05493500002 -0.04952799994 4.800001625e-05 0.0001030000858
0.05498999998 -0.04941100022 5.499995314e-05 0.0001169997267
0.05498999998 -0.04941100022 5.499995314e-05 0.0001169997267
0.055368 -0.04859000025 2.699997276e-05 0.0001289998181
0.05540199997 -0.04845000012 3.399996785e-05 0.0001400001347
0.05540199997 -0.04845000012 3.399996785e-05 0.0001400001347
0.05574400001 -0.04740400007 7.300003199e-05 0.0001959996298
0.05582300003 -0.0471979999 7.900001947e-05 0.0002060001716
0.05582300003 -0.0471979999 7.900001947e-05 0.0002060001716
0.05620699999 -0.04633100005 8.89999792e-05 0.0002040001564
0.056407 -0.04588499991 0.0001029999694 0.0002299998887
0.056407 -0.04588499991 0.0001029999694 0.0002299998887
0.05700500001 -0.04441800015 8.19999841e-05 0.0002489998005
0.05709299998 -0.04415600002 8.799997158e-05 0.0002620001324
0.05709299998 -0.04415600002 8.799997158e-05 0.0002620001324
0.05760900001 -0.04267900018 0.0001129999873 0.0003159996122
0.05783299997 -0.04209400015 0.0001079999493 0.0002609998919
0.05783299997 -0.04209400015 0.0001079999493 0.0002609998919
0.05852199998 -0.04039599979 0.0001229999471 0.0003060004674
0.05864800001 -0.04008400021 0.0001260000281 0.0003119995818
0.05864800001 -0.04008400021 0.0001260000281 0.0003119995818
0.05932 -0.03870599996 0.0001389999525 0.0002710004337
0.05960199999 -0.03811800014 0.0001410000259 0.0003019995056
0.05960199999 -0.03811800014 0.0001410000259 0.0003019995056
0.060306 -0.03643199988 0.0001410000259 0.0003580003977
0.06042200001 -0.03611999983 0.0001160000102 0.0003120000474
0.06042200001 -0.03611999983 0.0001160000102 0.0003120000474
0.06101800001 -0.0341330003 0.000119000033 0.0004239995033
0.06124899996 -0.03325199988 0.0001149999443 0.0004460001364
0.06124899996 -0.03325199988 0.0001149999443 0.0004460001364
0.06187799998 -0.03094099974 0.0001399999601 0.0004780003801
0.062149 -0.029966 0.0001349999802 0.0004910002463
0.062149 -0.029966 0.0001349999802 0.0004910002463
0.06277099997 -0.02746200003 0.000115999952 0.0005040001124
0.06287400005 -0.02706599981 0.0001030000858 0.0003960002214
0.06287400005 -0.02706599981 0.0001030000858 0.0003960002214
0.06365199998 -0.02432500012 0.0001269999775 0.000473999884
0.063776 -0.02384599997 0.0001240000129 0.0004790001549
0.063776 -0.02384599997 0.0001240000129 0.0004790001549
0.06448300002 -0.02164799999 0.0001520000515 0.0004400000907
0.06476800004 -0.02072999999 0.0001400000765 0.0004630000331
0.06476800004 -0.02072999999 0.0001400000765 0.0004630000331
0.06537299999 -0.01829100028 0.0001080000075 0.0004979996011
0.06546900002 -0.01781199966 9.60000325e-05 0.0004790006205
0.06546900002 -0.01781199966 9.60000325e-05 0.0004790006205
0.06581900001 -0.01450999966 3.799999831e-05 0.0005590002984
0.06584899995 -0.01395100029 2.99999374e-05 0.0005589993671
0.06584899995 -0.01395100029 2.99999374e-05 0.0005589993671
0.06599099998 -0.01066600019 2.499995753e-05 0.0005540000275
0.066009 -0.01011299994 1.800002065e-05 0.0005530002527
0.066009 -0.01011299994 1.800002065e-05 0.0005530002527
0.06598799996 -0.007412000094 -2.000003587e-05 0.0005270000547
0.06597300002 -0.007017999887 -1.499993959e-05 0.0003940002061
0.06597300002 -0.007017999887 -1.499993959e-05 0.0003940002061
0.06588200002 -0.004554999992 -3.199995263e-05 0.000502999872
0.06584200001 -0.004048999865 -4.000001354e-05 0.0005060001276
0.06584200001 -0.004048999865 -4.000001354e-05 0.0005060001276
0.065642 -0.001137000043 -8.999952115e-06 0.0004870002158
0.06562300003 -0.0006450000219 -1.899997005e-05 0.000492000021
0.06562300003 -0.0006450000219 -1.899997005e-05 0.000492000021
0.06542200001 0.001831000205 -5.499995314e-05 0.0004920004867
0.06536000001 0.002317999955 -6.200000644e-05 0.0004869997501
0.06536000001 0.002317999955 -6.200000644e-05 0.0004869997501
0.065115 0.004957000259 -5.999999121e-05 0.0005350005813
0.06497299997 0.006010999903 -7.40000396e-05 0.0005230000243
0.06497299997 0.006010999903 -7.40000396e-05 0.0005230000243
0.06457499997 0.008450999856 -7.500004722e-05 0.0005249995738
0.06449100003 0.008980999701 -8.399994113e-05 0.0005299998447
0.06449100003 0.008980999701 -8.399994113e-05 0.0005299998447
0.06394699996 0.01164499996 -0.0001240000711 0.0005310000852
0.06381400005 0.01217299979 -0.0001329999068 0.0005279998295
0.06381400005 0.01217299979 -0.0001329999068 0.0005279998295
0.06316899997 0.01504500024 -0.0001130000455 0.0004930002615
0.06304899999 0.01554099983 -0.0001199999824 0.0004959995858
0.06304899999 0.01554099983 -0.0001199999824 0.0004959995858
0.0625 0.01752400026 -0.0001460000058 0.0004930002615
0.06228500005 0.01840199996 -0.0001199999242 0.0004520001821
0.06228500005 0.01840199996 -0.0001199999242 0.0004520001821
0.06152799999 0.02065199986 -0.0001710000215 0.0004440001212
0.06134800002 0.0210900004 -0.0001799999736 0.0004380005412
0.06134800002 0.0210900004 -0.0001799999736 0.0004380005412
0.060466 0.02327999985 -0.0001720000291 0.0004839994945
0.06028500001 0.02376399981 -0.0001809999812 0.0004839999601
0.06028500001 0.02376399981 -0.0001809999812 0.0004839999601
0.05927700002 0.02613600018 -0.0002129999921 0.0004650005139
0.05905899999 0.02659100015 -0.0002180000301 0.0004549999721
0.05905899999 0.02659100015 -0.0002180000301 0.0004549999721
0.057844 0.02912400011 -0.000269000011 0.0005359998904
0.057286 0.03019599989 -0.0002830000012 0.0005370001309
0.057286 0.03019599989 -0.0002830000012 0.0005370001309
0.05613499996 0.03225999977 -0.0002640000894 0.0004749996588
0.05559299997 0.03325300012 -0.0002750000567 0.0004960000515
0.05559299997 0.03325300012 -0.0002750000567 0.0004960000515
0.05413200002 0.03567499993 -0.0003019999713 0.0004730001092
0.05382799997 0.03613799997 -0.0003040000447 0.0004630000331
0.05382799997 0.03613799997 -0.0003040000447 0.0004630000331
0.05239999999 0.03838899964 -0.0002930000192 0.000447999686
0.052104 0.03882500017 -0.0002959999838 0.000436000526
0.052104 0.03882500017 -0.0002959999838 0.000436000526
0.05057100003 0.0408119997 -0.0003109999816 0.0003659995273
0.050315 0.04110000003 -0.0002560000285 0.0002880003303
0.050315 0.04110000003 -0.0002560000285 0.0002880003303
0.04889999999 0.04313899996 -0.0002899999963 0.0004019998014
0.048312 0.04392899992 -0.0002950000344 0.0003929999657
0.048312 0.04392899992 -0.0002950000344 0.0003929999657
0.047227 0.04545299988 -0.0002739999909 0.000418999698
0.04665400001 0.04628899973 -0.0002899999963 0.0004169996828
0.04665400001 0.04628899973 -0.0002899999963 0.0004169996828
0.04511900002 0.04830300016 -0.0003150000121 0.0003900001757
0.04480099998 0.04868600005 -0.0003180000349 0.0003829998896
0.04480099998 0.04868600005 -0.0003180000349 0.0003829998896
0.043328 0.0504040001 -0.0003140000044 0.000326000154
0.04301100003 0.05071599968 -0.0003169999691 0.0003119995818
0.04301100003 0.05071599968 -0.0003169999691 0.0003119995818
0.041448 0.05207900004 -0.000263999973 0.0002460000105
0.04113999999 0.05239300011 -0.000308000017 0.0003140000626
0.04113999999 0.05239300011 -0.000308000017 0.0003140000626
0.03950000001 0.05377400015 -0.0003379999544 0.0002500005066
0.03915999999 0.05400699982 -0.0003400000278 0.0002329996787
0.03915999999 0.05400699982 -0.0003400000278 0.0002329996787
0.03757300001 0.05507700006 -0.0003259999794 0.000247000251
0.037235 0.05531700002 -0.0003380000126 0.0002399999648
0.037235 0.05531700002 -0.0003380000126 0.0002399999648
0.03544800001 0.05640899995 -0.00036799995 0.0002009999007
0.03476899996 0.05680700019 -0.0003080000752 0.0002080001868
0.03476899996 0.05680700019 -0.0003080000752 0.0002080001868
0.03319500003 0.05780299986 -0.0004089999711 0.0002359994687
0.03235299996 0.05824699998 -0.0004250000347 0.0002179997973
0.03235299996 0.05824699998 -0.0004250000347 0.0002179997973
0.030318 0.05918699969 -0.0003919999581 0.0001929993741
0.029912 0.05937199993 -0.0004060000065 0.0001850002445
0.029912 0.05937199993 -0.0004060000065 0.0001850002445
0.02769100002 0.06016500015 -0.0004649999319 0.0001380005851
0.02721899998 0.06029500021 -0.0004720000434 0.0001300000586
0.02721899998 0.06029500021 -0.0004720000434 0.0001300000586
0.02492 0.06083900016 -0.0004809999955 0.0001080003567
0.02443100006 0.06094000023 -0.00048899994 0.0001010000706
0.02443100006 0.06094000023 -0.00048899994 0.0001010000706
0.02188399999 0.06133399997 -0.0005180000444 6.200000644e-05
0.020861 0.06154899998 -0.0005360000068 0.0001260000281
0.020861 0.06154899998 -0.0005360000068 0.0001260000281
0.01866299997 0.06196800014 -0.0005550000351 9.100046009e-05
0.01810700004 0.06204999983 -0.0005559999263 8.199969307e-05
0.01810700004 0.06204999983 -0.0005559999263 8.199969307e-05
0.01542900002 0.06234000018 -0.0005339999916 5.200039595e-05
0.01488899998 0.06238400005 -0.0005400000373 4.399986938e-05
0.01488899998 0.06238400005 -0.0005400000373 4.399986938e-05
0.01216499996 0.06244300026 -0.0005430000601 -9.999610484e-06
0.01108799997 0.06239400012 -0.0005350000574 -2.999976277e-05
0.01108799997 0.06239400012 -0.0005350000574 -2.999976277e-05
0.00910700002 0.06255500019 -0.000515999971 4.100007936e-05
0.008066000009 0.06260800036 -0.000521000009 2.200063318e-05
0.008066000009 0.06260800036 -0.000521000009 2.200063318e-05
0.005540999991 0.06258899998 -0.0004600000102 -6.999820471e-06
0.005005999992 0.06259500002 -0.0005349999992 6.000045687e-06
0.005005999992 0.06259500002 -0.0005349999992 6.000045687e-06
0.002311000018 0.0624909997 -0.0005369999562 -3.800028935e-05
0.001778999984 0.06244400004 -0.0005320000346 -4.699965939e-05
0.001778999984 0.06244400004 -0.0005320000346 -4.699965939e-05
-0.0007800000021 0.06213999959 -0.0005240000319 -6.400048733e-05
-0.00182299997 0.06199800037 -0.0005209999508 -7.399963215e-05
-0.00182299997 0.06199800037 -0.0005209999508 -7.399963215e-05
-0.004338000028 0.06154000014 -0.0004870000412 -0.0001019998454
-0.004756999959 0.06143100001 -0.0004189999308 -0.0001090001315
-0.004756999959 0.06143100001 -0.0004189999308 -0.0001090001315
-0.007140000002 0.0607830002 -0.0004690000205 -0.000139999669
-0.008059000014 0.06049200008 -0.000456000038 -0.00014799973
-0.008059000014 0.06049200008 -0.000456000038 -0.00014799973
-0.010289 0.05975600006 -0.0004749999498 -0.0001329998486
-0.01122400002 0.05949399993 -0.0004640000407 -0.000131000299
-0.01122400002 0.05949399993 -0.0004640000407 -0.000131000299
-0.01300600002 0.05897799972 -0.0004310000222 -0.0001270002685
-0.01379300002 0.05875100009 -0.0003670000588 -0.0001019998454
-0.01379300002 0.05875100009 -0.0003670000588 -0.0001019998454
-0.01587599999 0.05807300005 -0.000401999976 -0.0001409999095
-0.01627000002 0.05793000013 -0.0003940000315 -0.0001429999247
-0.01627000002 0.05793000013 -0.0003940000315 -0.0001429999247
-0.01844700001 0.05708399974 -0.0003930000239 -0.0001330003142
-0.01883899997 0.05694899987 -0.0003919999581 -0.0001349998638
-0.01883899997 0.05694899987 -0.0003919999581 -0.0001349998638
-0.02075199998 0.0562880002 -0.000372999988 -0.0001299995929
-0.02145200002 0.05603299988 -0.0003339999821 -0.0001260000281
-0.02145200002 0.05603299988 -0.0003339999821 -0.0001260000281
-0.02344900003 0.05557900015 -0.0003940000315 -7.999967784e-05
-0.02422200004 0.05543499999 -0.0003830000642 -6.800005212e-05
-0.02422200004 0.05543499999 -0.0003830000642 -6.800005212e-05
-0.02594899997 0.05510999961 -0.0003369999467 -7.700081915e-05
-0.02628200001 0.05503799999 -0.0003330000327 -7.199961692e-05
-0.02628200001 0.05503799999 -0.0003330000327 -7.199961692e-05
-0.027871 0.05473800004 -0.0003030000371 -5.099968985e-05
-0.028414 0.05465699965 -0.0002479999675 -3.600073978e-05
-0.028414 0.05465699965 -0.0002479999675 -3.600073978e-05
-0.02996800002 0.054519 -0.0003020000295 -1.800013706e-05
-0.03026600002 0.05450800015 -0.000297999999 -1.099985093e-05
-0.03026600002 0.05450800015 -0.000297999999 -1.099985093e-05
-0.03165899997 0.05446300004 -0.0003149999538 -4.700012505e-05
-0.03229400003 0.0543800001 -0.0003180000349 -4.09996137e-05
-0.03229400003 0.0543800001 -0.0003180000349 -4.09996137e-05
-0.03385000001 0.05421599979 -0.0003049999941 -2.800021321e-05
-0.03441800002 0.05420600018 -0.0002700000769 1.300033182e-05
-0.03441800002 0.05420600018 -0.0002700000769 1.300033182e-05
-0.035669 0.05416000029 -0.0003100000322 -1.399964094e-05
-0.03627799999 0.05412300024 -0.0003019999713 -1.899944618e-05
-0.03627799999 0.05412300024 -0.0003019999713 -1.899944618e-05
-0.03772399999 0.05391799984 -0.0003089999664 -7.000053301e-05
-0.03803299996 0.05385100003 -0.0003089999664 -6.699981168e-05
-0.03803299996 0.05385100003 -0.0003089999664 -6.699981168e-05
-0.03951099998 0.05355599988 -0.0002850000164 -5.300017074e-05
-0.04005900002 0.05345800007 -0.0002700000186 -4.699965939e-05
-0.04005900002 0.05345800007 -0.0002700000186 -4.699965939e-05
-0.04118399997 0.05340000009 -0.0002919999533 -1.299986616e-05
-0.04176300002 0.05337300012 -0.0002870000317 -1.399964094e-05
-0.04176300002 0.05337300012 -0.0002870000317 -1.399964094e-05
-0.04310100002 0.05330599984 -0.0002359999926 -2.100039274e-05
-0.04336399998 0.05328899994 -0.0002629999653 -1.699989662e-05
-0.04336399998 0.05328899994 -0.0002629999653 -1.699989662e-05
-0.04461799999 0.05324799987 -0.0002399999648 -3.000255674e-06
-0.04485300003 0.05324900011 -0.0002350000432 1.000240445e-06
-0.04485300003 0.05324900011 -0.0002350000432 1.000240445e-06
-0.045942 0.05320800003 -0.0002240000176 -2.199970186e-05
-0.04616099998 0.05318799987 -0.0002189999796 -2.000015229e-05
-0.04616099998 0.05318799987 -0.0002189999796 -2.000015229e-05
-0.04734599998 0.05311399978 -0.000178999966 -7.000286132e-06
-0.04746900004 0.05310899997 -0.0001230000635 -4.999805242e-06
-0.04746900004 0.05310899997 -0.0001230000635 -4.999805242e-06
-0.04820999998 0.05308400001 -0.0001849999535 -4.000030458e-06
-0.04857599997 0.053082 -0.0001819999306 0
-0.04857599997 0.053082 -0.0001819999306 0
-0.04942699999 0.05306599988 -0.0001729999785 -1.000007614e-05
-0.04959800001 0.05305900006 -0.0001710000215 -6.999820471e-06
-0.04959800001 0.05305900006 -0.0001710000215 -6.999820471e-06
-0.05041900004 0.05307100015 -0.0001570000313 9.000301361e-06
-0.05071799998 0.05309499986 -0.0001470000134 1.299986616e-05
-0.05071799998 0.05309499986 -0.0001470000134 1.299986616e-05
-0.05135899998 0.05322899995 -0.0001749999356 3.399979323e-05
-0.05170799996 0.05330100004 -0.0001739999279 3.599980846e-05
-0.05170799996 0.05330100004 -0.0001739999279 3.599980846e-05
-0.05254800001 0.0534930001 -0.0001630000188 3.900006413e-05
-0.05274400004 0.05352899991 -0.0001960000372 3.599980846e-05
-0.05274400004 0.05352899991 -0.0001960000372 3.599980846e-05
-0.05370300001 0.05370899988 -0.0001870000269 3.599980846e-05
-0.05406700005 0.05378200021 -0.00018000009 3.700051457e-05
-0.05406700005 0.05378200021 -0.00018000009 3.700051457e-05
-0.05495099997 0.05394699983 -0.0001879999763 3.799982369e-05
-0.05513500003 0.05398700014 -0.0001840000623 4.000030458e-05
-0.05513500003 0.05398700014 -0.0001840000623 4.000030458e-05
-0.05604199995 0.05422100006 -0.0001769999508 5.100015551e-05
-0.05618800002 0.05429299967 -0.000146000064 7.199961692e-05
-0.05618800002 0.05429299967 -0.000146000064 7.199961692e-05
-0.057226 0.05443800008 -0.0001729999785 1.499988139e-05
-0.05739899998 0.05444699991 -0.0001729999785 8.9998357e-06
-0.05739899998 0.05444699991 -0.0001729999785 8.9998357e-06
-0.05821600003 0.05452799983 -0.000165000034 3.899959847e-05
-0.05838199996 0.05456899991 -0.0001659999252 4.100007936e-05
-0.05838199996 0.05456899991 -0.0001659999252 4.100007936e-05
-0.05918500002 0.05477100005 -0.0001550000161 3.999983892e-05
-0.05949400004 0.05486099981 -0.0001550000743 4.799989983e-05
-0.05949400004 0.05486099981 -0.0001550000743 4.799989983e-05
-0.06034900004 0.05490700016 -0.0001640000846 1.000240445e-06
-0.06050899997 0.05490700016 -0.0001599999378 0
-0.06050899997 0.05490700016 -0.0001599999378 0
-0.06126599998 0.05491900025 -0.0001629999606 2.200016752e-05
-0.06142500002 0.05493399967 -0.0001590000466 1.499941573e-05
-0.06142500002 0.05493399967 -0.0001590000466 1.499941573e-05
-0.06213500001 0.05493400013 -0.0001280000433 -1.000007614e-05
-0.06237399997 0.05489599984 -0.0001149999443 -2.099992707e-05
-0.06237399997 0.05489599984 -0.0001149999443 -2.099992707e-05
-0.06295299996 0.05485399999 -0.000105999934 -1.699989662e-05
-0.063051 0.05483200029 -9.800004773e-05 -2.199970186e-05
-0.063051 0.05483200029 -9.800004773e-05 -2.199970186e-05
-0.06342399999 0.05466700019 -6.199994823e-05 -2.699997276e-05
-0.06352699996 0.05463399971 -0.0001029999694 -3.300048411e-05
-0.06352699996 0.05463399971 -0.0001029999694 -3.300048411e-05
-0.06396000006 0.05437799962 -7.500010543e-05 -6.20004721e-05
-0.06409200002 0.05423500016 -6.300007226e-05 -7.299985737e-05
-0.06409200002 0.05423500016 -6.300007226e-05 -7.299985737e-05
-0.06441300001 0.0539859999 -8.600001456e-05 -5.600042641e-05
-0.06456199999 0.05386199988 -7.100001676e-05 -6.500026211e-05
-0.06456199999 0.05386199988 -7.100001676e-05 -6.500026211e-05
-0.06478400005 0.05348400027 -2.700008918e-05 -8.299946785e-05
-0.06479499995 0.05341799976 -1.099990914e-05 -6.600050256e-05
-0.06479499995 0.05341799976 -1.099990914e-05 -6.600050256e-05
-0.06488399999 0.05291499989 -6.999995094e-06 -0.0001119999215
-0.06488000002 0.05267699994 3.99997225e-06 -0.0001210002229
-0.06488000002 0.05267699994 3.99997225e-06 -0.0001210002229
-0.06475299998 0.05207800027 3.700004891e-05 -0.0001209997572
-0.064709 0.05195199978 4.399998579e-05 -0.0001260004938
-0.064709 0.05195199978 4.399998579e-05 -0.0001260004938
-0.06433199998 0.05108700041 7.599999662e-05 -0.0001549995504
-0.064266 0.05094499979 6.599997869e-05 -0.0001420006156
-0.064266 0.05094499979 6.599997869e-05 -0.0001420006156
-0.063976 0.05025899969 6.700004451e-05 -0.0001430003904
-0.06390199997 0.05011499999 7.40000396e-05 -0.0001439996995
-0.06390199997 0.05011499999 7.40000396e-05 -0.0001439996995
-0.06346399995 0.04939400032 8.200010052e-05 -0.0001499997452
-0.06329900003 0.04907900002 8.299999172e-05 -0.0001579998061
-0.06329900003 0.04907900002 8.299999172e-05 -0.0001579998061
-0.06288799999 0.04824299971 8.200004231e-05 -0.0001700003631
-0.06272699998 0.04790899996 8.000002708e-05 -0.000160000287
-0.06272699998 0.04790899996 8.000002708e-05 -0.000160000287
-0.06244800001 0.04709400004 5.099998089e-05 -0.0001639998518
-0.06239799998 0.04693000019 5.000003148e-05 -0.0001639998518
-0.06239799998 0.04693000019 5.000003148e-05 -0.0001639998518
-0.06207400002 0.04598199995 5.999999121e-05 -0.0001540002413
-0.06201699999 0.04582800018 5.700002657e-05 -0.0001539997756
-0.06201699999 0.04582800018 5.700002657e-05 -0.0001539997756
-0.06177599996 0.04495800007 2.800009679e-05 -0.000136999879
-0.06174199999 0.04482499976 3.399996785e-05 -0.0001330003142
-0.06174199999 0.04482499976 3.399996785e-05 -0.0001330003142
-0.06160400005 0.043879 1.099990914e-05 -0.0001509999856
-0.06160099996 0.04373200005 3.000081051e-06 -0.0001469999552
-0.06160099996 0.04373200005 3.000081051e-06 -0.0001469999552
-0.06159100001 0.04294499988 -5.000038072e-06 -0.0001290002838
-0.06160100002 0.04281800007 -1.000001794e-05 -0.0001269998029
-0.06160100002 0.04281800007 -1.000001794e-05 -0.0001269998029
-0.06179399998 0.04213399999 -3.599998308e-05 -8.600018919e-05
-0.06183200004 0.04202699987 -3.800005652e-05 -0.0001070001163
-0.06183200004 0.04202699987 -3.800005652e-05 -0.0001070001163
-0.06220799999 0.04140600003 -7.899996126e-05 -0.0001000002958
-0.062294 0.04130899999 -8.600001456e-05 -9.700004011e-05
-0.062294 0.04130899999 -8.600001456e-05 -9.700004011e-05
-0.062561 0.0408549998 -4.600000102e-05 -9.40002501e-05
-0.062668 0.04066599999 -5.599996075e-05 -9.300000966e-05
-0.062668 0.04066599999 -5.599996075e-05 -9.300000966e-05
-0.063027 0.04024899984 -7.700000424e-05 -5.70002012e-05
-0.06321300002 0.04009399982 -9.60000325e-05 -7.800059393e-05
-0.06321300002 0.04009399982 -9.60000325e-05 -7.800059393e-05
-0.06376500003 0.03968899976 -0.0001200000406 -8.200015873e-05
-0.06388799998 0.03960800031 -0.0001229999471 -8.099945262e-05
-0.06388799998 0.03960800031 -0.0001229999471 -8.099945262e-05
-0.064633 0.03915400011 -0.0001359999878 -8.799973875e-05
-0.06477499998 0.0390639999 -0.0001419999753 -9.000021964e-05
-0.06477499998 0.0390639999 -0.0001419999753 -9.000021964e-05
-0.06552200002 0.03862400027 -0.0001370000537 -5.499972031e-05
-0.06577799999 0.03845499968 -0.0001300000004 -8.700042963e-05
-0.06577799999 0.03845499968 -0.0001300000004 -8.700042963e-05
-0.066467 0.03793399967 -0.0001419999753 -0.0001140004024
-0.06661099999 0.03781600017 -0.0001439999905 -0.0001179995015
-0.06661099999 0.03781600017 -0.0001439999905 -0.0001179995015
-0.067308 0.03725100029 -0.0001479999628 -0.0001279995777
-0.06761799997 0.03696900001 -0.0001569999731 -0.0001429999247
-0.06761799997 0.03696900001 -0.0001569999731 -0.0001429999247
-0.06841400004 0.03618900012 -0.000146000064 -0.000136999879
-0.06855999999 0.03603000008 -0.0001459999476 -0.0001590000466
-0.06855999999 0.03603000008 -0.0001459999476 -0.0001590000466
-0.069319 0.03510500025 -0.0001540000085 -0.000200999435
-0.06947400002 0.03489799984 -0.0001550000161 -0.000207000412
-0.06947400002 0.03489799984 -0.0001550000161 -0.000207000412
-0.07045400003 0.03366700001 -0.0001760000596 -0.0002159997821
-0.07062999997 0.03344300017 -0.0001759999432 -0.000223999843
-0.07062999997 0.03344300017 -0.0001759999432 -0.000223999843
-0.07132799999 0.03247600002 -0.0001720000291 -0.0002509998158
-0.07167799998 0.03197700018 -0.0001779999584 -0.0002419999801
-0.07167799998 0.03197700018 -0.0001779999584 -0.0002419999801
-0.072407 0.03096299991 -0.0001790000242 -0.0002610003576
-0.07275200001 0.0304329996 -0.0001720000291 -0.0002660006285
-0.07275200001 0.0304329996 -0.0001720000291 -0.0002660006285
-0.073538 0.02921699965 -0.0001610000036 -0.0002190005034
-0.07369700004 0.02898900025 -0.0001590000466 -0.0002279994078
-0.07369700004 0.02898900025 -0.0001590000466 -0.0002279994078
-0.07443600002 0.02773199975 -0.0001400000183 -0.0002640006132
-0.074571 0.02746300027 -0.0001349999802 -0.0002689994872
-0.074571 0.02746300027 -0.0001349999802 -0.0002689994872
-0.07532 0.02615199983 -0.0001470000134 -0.000279000029
-0.07545800001 0.02586700022 -0.0001380000031 -0.000284999609
-0.07545800001 0.02586700022 -0.0001380000031 -0.000284999609
-0.07601700001 0.02435800014 -9.300000966e-05 -0.0003099995665
-0.076107 0.02410499984 -8.999998681e-05 -0.0002530002967
-0.076107 0.02410499984 -8.999998681e-05 -0.0002530002967
-0.07665499998 0.02262599999 -9.599997429e-05 -0.000308000017
-0.07674400002 0.02231099969 -8.900003741e-05 -0.0003150003031
-0.07674400002 0.02231099969 -8.900003741e-05 -0.0003150003031
-0.07703400002 0.02106099995 -6.500002928e-05 -0.0002859998494
-0.077154 0.02040899964 -5.600001896e-05 -0.0003280006349
-0.077154 0.02040899964 -5.600001896e-05 -0.0003280006349
-0.07729500002 0.01905000024 -2.300005872e-05 -0.0003439998254
-0.077315 0.01835600007 -6.999995094e-06 -0.0003479998559
-0.077315 0.01835600007 -6.999995094e-06 -0.0003479998559
-0.07730100001 0.01665600017 6.999995094e-06 -0.0003519998863
-0.07728699996 0.01629999978 1.40000484e-05 -0.0003560003825
-0.07728699996 0.01629999978 1.40000484e-05 -0.0003560003825
-0.07715699996 0.01487300033 4.300003638e-05 -0.0003549996763
-0.07710600004 0.01451899996 5.099992268e-05 -0.0003540003672
-0.07710600004 0.01451899996 5.099992268e-05 -0.0003540003672
-0.07701100002 0.01263799984 3.100000322e-05 -0.00038400013
-0.07696899999 0.01225600019 4.200002877e-05 -0.0003819996491
-0.07696899999 0.01225600019 4.200002877e-05 -0.0003819996491
-0.07664900005 0.01044900017 7.099990034e-05 -0.0003120000474
-0.07659699995 0.01009299979 5.200010492e-05 -0.0003560003825
-0.07659699995 0.01009299979 5.200010492e-05 -0.0003560003825
-0.07624799997 0.008309000172 8.200004231e-05 -0.0003529996611
-0.07615899999 0.00795699982 8.89999792e-05 -0.000352000352
-0.07615899999 0.00795699982 8.89999792e-05 -0.000352000352
-0.07572800003 0.006243000273 7.699994603e-05 -0.0003529996611
-0.07564599998 0.005892999936 8.200004231e-05 -0.0003500003368
-0.07564599998 0.005892999936 8.200004231e-05 -0.0003500003368
-0.07517900004 0.004206999671 9.999994654e-05 -0.0003270003945
-0.075075 0.003889000043 0.0001040000352 -0.0003179996274
-0.075075 0.003889000043 0.0001040000352 -0.0003179996274
-0.07459400001 0.002284000162 0.00010200002 -0.0003209998831
-0.07448999997 0.001968999859 0.0001040000352 -0.0003150003031
-0.07448999997 0.001968999859 0.0001040000352 -0.0003150003031
-0.07391400001 0.0004819999449 0.0001369999954 -0.0002980004065
-0.07376699999 0.000176999718 0.0001470000134 -0.0003050002269
-0.07376699999 0.000176999718 0.0001470000134 -0.0003050002269
-0.07305499999 -0.001166000031 0.0001400000183 -0.0002419999801
-0.07291799999 -0.001391000114 0.0001369999954 -0.0002250000834
-0.07291799999 -0.001391000114 0.0001369999954 -0.0002250000834
-0.07228699996 -0.002447000239 0.0001130000455 -0.0002350006253
-0.07217600005 -0.002673000097 0.0001109999139 -0.0002259998582
-0.07217600005 -0.002673000097 0.0001109999139 -0.0002259998582
-0.07169199997 -0.003643000033 8.800002979e-05 -0.0001710001379
-0.07161000004 -0.003800000064 8.19999259e-05 -0.0001570000313
-0.07161000004 -0.003800000064 8.19999259e-05 -0.0001570000313
-0.07119500003 -0.004441000056 0.0001059999922 -0.0001579998061
-0.07099199999 -0.004730000161 9.899999714e-05 -0.0001390003599
-0.07099199999 -0.004730000161 9.899999714e-05 -0.0001390003599
-0.07063099998 -0.005178000312 8.400005754e-05 -9.500049055e-05
-0.070458 -0.005410000216 8.600001456e-05 -0.0001410003752
-0.070458 -0.005410000216 8.600001456e-05 -0.0001410003752
-0.07015599997 -0.005896000192 6.900005974e-05 -0.0001080003567
-0.07009300002 -0.005994999781 6.299995584e-05 -9.899958968e-05
-0.07009300002 -0.005994999781 6.299995584e-05 -9.899958968e-05
-0.06982799998 -0.006431999616 5.400000373e-05 -0.0001129992306
-0.06978000002 -0.006536000408 4.799995804e-05 -0.0001040007919
-0.06978000002 -0.006536000408 4.799995804e-05 -0.0001040007919
-0.06963799999 -0.006903000176 1.600000542e-05 -5.300017074e-05
-0.06962900003 -0.00694399979 8.999952115e-06 -4.09996137e-05
-0.06962900003 -0.00694399979 8.999952115e-06 -4.09996137e-05
-0.06965800002 -0.007151999976 -1.49999978e-05 -6.299978122e-05
-0.06971000001 -0.007245999761 -3.000005381e-05 -4.199985415e-05
-0.06971000001 -0.007245999761 -3.000005381e-05 -4.199985415e-05
-0.06989800005 -0.007312999573 -5.900010001e-05 -1.999549568e-06
-0.069961 -0.007303000428 -6.299995584e-05 9.999144822e-06
-0.069961 -0.007303000428 -6.299995584e-05 9.999144822e-06
-0.07017000002 -0.007214999758 -4.700000864e-05 3.500049934e-05
-0.07021999999 -0.007172000129 -4.999997327e-05 4.299962893e-05
-0.07021999999 -0.007172000129 -4.999997327e-05 4.299962893e-05
-0.07044799998 -0.00689599989 -6.200000644e-05 8.400017396e-05
-0.07051200001 -0.006802000105 -6.400002167e-05 9.399978444e-05
-0.07051200001 -0.006802000105 -6.400002167e-05 9.399978444e-05
-0.070717 -0.006675999612 -5.299999611e-05 3.500049934e-05
-0.07076999999 -0.006632000208 -5.299999611e-05 4.399940372e-05
-0.07076999999 -0.006632000208 -5.299999611e-05 4.399940372e-05
-0.07101299998 -0.006360999774 -6.399996346e-05 8.200015873e-05
-0.07107900002 -0.006272000261 -6.60000369e-05 8.899951354e-05
-0.07107900002 -0.006272000261 -6.60000369e-05 8.899951354e-05
-0.07124000002 -0.006109000184 -4.900002386e-05 5.899975076e-05
-0.07128899998 -0.006041000132 -4.899996566e-05 6.800005212e-05
-0.07128899998 -0.006041000132 -4.899996566e-05 6.800005212e-05
-0.07148900005 -0.005673999898 -4.900008207e-05 0.000105000101
-0.07154099998 -0.005559999961 -5.199993029e-05 0.0001139999367
-0.07154099998 -0.005559999961 -5.199993029e-05 0.0001139999367
-0.07167199999 -0.005237000063 -3.300001845e-05 9.500002488e-05
-0.07170299999 -0.005133999977 -3.100000322e-05 0.0001030000858
-0.07170299999 -0.005133999977 -3.100000322e-05 0.0001030000858
-0.07178600004 -0.004779000301 -2.600008156e-05 0.000124999322
-0.07180999999 -0.004646999761 -2.399994992e-05 0.0001320005395
-0.07180999999 -0.004646999761 -2.399994992e-05 0.0001320005395
-0.07189099997 -0.004126999993 -2.199993469e-05 9.099999443e-05
-0.07193600002 -0.004000999965 -4.500005161e-05 0.0001260000281
-0.07193600002 -0.004000999965 -4.500005161e-05 0.0001260000281
-0.07206699997 -0.003549000248 -4.299997818e-05 0.0001619993709
-0.072109 -0.00337400008 -4.200002877e-05 0.0001750001684
-0.072109 -0.00337400008 -4.200002877e-05 0.0001750001684
-0.07226499997 -0.002576000057 -3.699993249e-05 0.0002139997669
-0.07230100001 -0.002408000175 -3.600004129e-05 0.0001679998823
-0.07230100001 -0.002408000175 -3.600004129e-05 0.0001679998823
-0.072392 -0.001848000102 -2.899998799e-05 0.0001999996603
-0.072445 -0.001417000312 -2.600002335e-05 0.0002209995873
-0.072445 -0.001417000312 -2.600002335e-05 0.0002209995873
-0.07251000003 -0.0006909999065 -1.900002826e-05 0.0002520005219
-0.072529 -0.0004329998046 -1.899997005e-05 0.0002580001019
-0.072529 -0.0004329998046 -1.899997005e-05 0.0002580001019
-0.07268599997 0.0004989998415 -3.499997547e-05 0.0002469997853
-0.07271900005 0.0007560001686 -3.300007666e-05 0.0002570003271
-0.07271900005 0.0007560001686 -3.300007666e-05 0.0002570003271
-0.07280900003 0.001855000388 -1.700007124e-05 0.0002850005403
-0.07281099999 0.002379999962 1.000001794e-05 0.0002339999191
-0.07281099999 0.002379999962 1.000001794e-05 0.0002339999191
-0.07278399996 0.003461000044 8.000060916e-06 0.0002839998342
-0.07277500001 0.003752999939 8.999952115e-06 0.0002919998951
-0.07277500001 0.003752999939 8.999952115e-06 0.0002919998951
-0.072736 0.005262000021 -1.49999978e-05 0.0002799998038
-0.07275799999 0.005576000083 -2.19999929e-05 0.0003140000626
-0.07275799999 0.005576000083 -2.19999929e-05 0.0003140000626
-0.07281700004 0.006918000057 -9.00006853e-06 0.0003460003063
-0.07282900001 0.00762599986 -4.000030458e-06 0.0003569996916
-0.07282900001 0.00762599986 -4.000030458e-06 0.0003569996916
-0.07284499996 0.008992000017 -5.999929272e-06 0.0003390000202
-0.07284499996 0.009696000256 2.000073437e-06 0.0003560003825
-0.07284499996 0.009696000256 2.000073437e-06 0.0003560003825
-0.07277500001 0.01156899985 2.099998528e-05 0.0003829994239
-0.07274999999 0.01195599977 2.500001574e-05 0.00038699992
-0.07274999999 0.01195599977 2.500001574e-05 0.00038699992
-0.07264199998 0.01336300001 3.499997547e-05 0.0003599999472
-0.07255600003 0.01409199974 4.399998579e-05 0.0003659995273
-0.07255600003 0.01409199974 4.399998579e-05 0.0003659995273
-0.07227800001 0.01585800014 4.999997327e-05 0.0003020004369
-0.07223300001 0.01621800009 4.499999341e-05 0.0003599999472
-0.07223300001 0.01621800009 4.499999341e-05 0.0003599999472
-0.07201100001 0.01771400031 6.200000644e-05 0.0003800005652
-0.07187600003 0.01848000009 6.899994332e-05 0.00038400013
-0.07187600003 0.01848000009 6.899994332e-05 0.00038400013
-0.07163199998 0.01993699977 4.800001625e-05 0.0003699995577
-0.07157800003 0.02031400008 5.399994552e-05 0.0003770003095
-0.07157800003 0.02031400008 5.399994552e-05 0.0003770003095
-0.07122800004 0.02226200001 7.999991067e-05 0.0003940002061
-0.07114399999 0.02265800023 8.400005754e-05 0.0003960002214
-0.07114399999 0.02265800023 8.400005754e-05 0.0003960002214
-0.07074200001 0.02449899958 8.399999933e-05 0.0003739995882
-0.07065000001 0.02487500012 9.200000204e-05 0.0003760005347
-0.07065000001 0.02487500012 9.200000204e-05 0.0003760005347
-0.07024799997 0.02638000017 0.0001050000428 0.0003740000539
-0.070137 0.02674999973 0.0001109999721 0.0003699995577
-0.070137 0.02674999973 0.0001109999721 0.0003699995577
-0.069494 0.02871399978 0.0001350000384 0.0004089996219
-0.06935800001 0.02912099985 0.0001359999878 0.0004070000723
-0.06935800001 0.02912099985 0.0001359999878 0.0004070000723
-0.06879599998 0.03072299995 0.0001420000335 0.0003949999809
-0.06859499996 0.03148999996 0.0001020000782 0.0004119998775
-0.06859499996 0.03148999996 0.0001020000782 0.0004119998775
-0.068264 0.03272999963 0.0001129999873 0.0004119994119
-0.06802499999 0.03355000028 0.0001200000406 0.0004080003127
-0.06802499999 0.03355000028 0.0001200000406 0.0004080003127
-0.06753499998 0.03508300008 0.0001130000455 0.0003370000049
-0.067393 0.03546799999 0.0001419999753 0.0003849999048
-0.067393 0.03546799999 0.0001419999753 0.0003849999048
-0.06677900004 0.03700200003 0.0001599999378 0.00038100034
-0.06661699997 0.03737900034 0.0001620000694 0.0003770003095
-0.06661699997 0.03737900034 0.0001620000694 0.0003770003095
-0.06593400001 0.03884800011 0.0001759999432 0.0003680004738
-0.065779 0.03927200008 0.0001550000161 0.0004239999689
-0.065779 0.03927200008 0.0001550000161 0.0004239999689
-0.06516699999 0.040912 0.0001510000438 0.0003990000114
-0.06501899997 0.04130499996 0.000148000021 0.0003929999657
-0.06501899997 0.04130499996 0.000148000021 0.0003929999657
-0.06447300001 0.04275000002 0.00012099999 0.0003279997036
-0.06432199996 0.04310999997 0.0001510000438 0.0003599999472
-0.06432199996 0.04310999997 0.0001510000438 0.0003599999472
-0.06371999998 0.04447899992 0.0001490000286 0.0003279997036
-0.06357200001 0.04479900002 0.0001479999628 0.0003200001083
-0.06357200001 0.04479900002 0.0001479999628 0.0003200001083
-0.06313999998 0.04568400001 0.0001410000259 0.000281999819
-0.06299900002 0.04591699969 0.0001409999677 0.0002329996787
-0.06299900002 0.04591699969 0.0001409999677 0.0002329996787
-0.0624 0.04703800008 0.0001460000058 0.0002700001933
-0.062256 0.04730399977 0.0001439999905 0.0002659996971
-0.062256 0.04730399977 0.0001439999905 0.0002659996971
-0.06171500002 0.04827000014 0.0001289999345 0.0002270000987
-0.06160700001 0.04848799994 0.0001080000075 0.0002179997973
-0.06160700001 0.04848799994 0.0001080000075 0.0002179997973
-0.06114099995 0.04946899973 0.0001120000379 0.0002329996787
-0.061032 0.04969100002 0.0001089999569 0.0002220002934
-0.061032 0.04969100002 0.0001089999569 0.0002220002934
-0.06072399998 0.05029000016 0.000100000063 0.0001880000345
-0.06063100003 0.05046499986 9.299995145e-05 0.0001749997027
-0.06063100003 0.05046499986 9.299995145e-05 0.0001749997027
-0.06024700002 0.0511950003 9.599997429e-05 0.0001870002598
-0.06015699997 0.05137299979 9.000004502e-05 0.0001779994927
-0.06015699997 0.05137299979 9.000004502e-05 0.0001779994927
-0.05983600003 0.05199100031 7.299997378e-05 0.0001390003599
-0.05976899998 0.05211999966 6.700004451e-05 0.0001289993525
-0.05976899998 0.05211999966 6.700004451e-05 0.0001289993525
-0.05953900004 0.05256900005 8.699996397e-05 0.0001639998518
-0.05945499998 0.05272699986 8.400005754e-05 0.0001579998061
-0.05945499998 0.05272699986 8.400005754e-05 0.0001579998061
-0.059144 0.05328000011 7.300003199e-05 0.0001260000281
-0.05907399999 0.0533959996 7.000000915e-05 0.0001159994863
-0.05907399999 0.0533959996 7.000000915e-05 0.0001159994863
-0.05876500002 0.05382300029 8.499994874e-05 0.0001240004785
-0.05868200003 0.0539429998 8.299999172e-05 0.0001199995168
-0.05868200003 0.0539429998 8.299999172e-05 0.0001199995168
-0.05845300003 0.0542840003 7.299997378e-05 0.0001100003719
-0.05838299997 0.05438899994 7.000006735e-05 0.0001049996354
-0.05838299997 0.05438899994 7.000006735e-05 0.0001049996354
-0.05816000002 0.05483599985 4.199997056e-05 0.0001359996386
-0.05812100001 0.05496700015 3.900000593e-05 0.000131000299
-0.05812100001 0.05496700015 3.900000593e-05 0.000131000299
-0.05800900003 0.05542700039 2.199993469e-05 0.0001050005667
-0.05799299997 0.05552399997 1.600006362e-05 9.699957445e-05
-0.05799299997 0.05552399997 1.600006362e-05 9.699957445e-05
-0.05796499999 0.05574199976 1.200003317e-05 4.699965939e-05
-0.05791000003 0.05582100013 5.499995314e-05 7.900036871e-05
-0.05791000003 0.05582100013 5.499995314e-05 7.900036871e-05
-0.05771999998 0.05610599974 4.300003638e-05 6.599957123e-05
-0.05767900002 0.05616699997 4.099996295e-05 6.100023165e-05
-0.05767900002 0.05616699997 4.099996295e-05 6.100023165e-05
-0.057562 0.05637299968 1.399999019e-05 4.499964416e-05
-0.05753200001 0.05646499991 2.99999956e-05 9.200023487e-05
-0.05753200001 0.05646499991 2.99999956e-05 9.200023487e-05
-0.057447 0.05674199993 2.800003858e-05 9.200023487e-05
-0.05741900002 0.05683100037 2.799998038e-05 8.900044486e-05
-0.05741900002 0.05683100037 2.799998038e-05 8.900044486e-05
-0.05734100001 0.05709599983 2.499995753e-05 8.699949831e-05
-0.057317 0.05718 2.400000812e-05 8.400017396e-05
-0.057317 0.05718 2.400000812e-05 8.400017396e-05
-0.05725700001 0.05735599995 1.800002065e-05 5.199993029e-05
-0.057241 0.05740400031 1.600000542e-05 4.80003655e-05
-0.057241 0.05740400031 1.600000542e-05 4.80003655e-05
-0.057202 0.05753099965 1.099996734e-05 3.799935803e-05
-0.05719200004 0.05756800016 9.99995973e-06 3.700051457e-05
-0.05719200004 0.05756800016 9.99995973e-06 3.700051457e-05
-0.05717500002 0.05765500013 2.999964636e-06 2.700043842e-05
-0.05717500002 0.05765500013 2.999964636e-06 2.700043842e-05
-0.05717500002 0.05765500013 2.999964636e-06 2.700043842e-05
-0.057126 0.05779299978 1.600000542e-05 4.399986938e-05
-0.057111 0.05783200031 1.49999978e-05 3.90005298e-05
-0.057111 0.05783200031 1.49999978e-05 3.90005298e-05
-0.05708399997 0.05790199991 1.300004078e-05 3.400025889e-05
-0.05707099999 0.05793100037 1.299998257e-05 2.900045365e-05
-0.05707099999 0.05793100037 1.299998257e-05 2.900045365e-05
-0.05705 0.05797800003 1.100002555e-05 2.200016752e-05
-0.057027 0.058005 2.300000051e-05 2.699997276e-05
-0.057027 0.058005 2.300000051e-05 2.699997276e-05
-0.056989 0.05813200027 1.699995482e-05 6.20004721e-05
-0.056989 0.05813200027 1.699995482e-05 6.20004721e-05
-0.056989 0.05813200027 1.699995482e-05 6.20004721e-05
-0.05696100002 0.05825200025 1.199997496e-05 6.000045687e-05
-0.05695200001 0.05830799975 9.000010323e-06 5.599949509e-05
-0.05695200001 0.05830799975 9.000010323e-06 5.599949509e-05
-0.05694599997 0.05836400017 6.000045687e-06 5.600042641e-05
-0.056942 0.0584160001 3.99997225e-06 5.199993029e-05
-0.056942 0.0584160001 3.99997225e-06 5.199993029e-05
-0.056942 0.05846899981 0 5.299970508e-05
-0.05694400001 0.05851700017 -2.000015229e-06 4.80003655e-05
-0.05694400001 0.05851700017 -2.000015229e-06 4.80003655e-05
-0.05695900001 0.05856399983 -1.49999978e-05 4.699965939e-05
-0.05695900001 0.05856399983 -1.49999978e-05 4.699965939e-05
-0.05695900001 0.05856399983 -1.49999978e-05 4.699965939e-05
-0.056958 0.05865000002 1.000007614e-06 4.100007936e-05
-0.056958 0.05865000002 1.000007614e-06 4.100007936e-05
