0 0 -2e-06
0 2.989875535 -2e-06
0 2.989875535 -2e-06
0 3.145311354 -2e-06
0 3.145311354 -2e-06
0 3.661710639 -2e-06
0 3.661710639 -2e-06
0 4.151139462 -2e-06
0 4.151139462 -2e-06
0 4.806977629 -2e-06
0 4.806977629 -2e-06
0 5.34370359 -2e-06
0 5.34370359 -2e-06
0 5.573699863 -2e-06
0 5.573699863 -2e-06
0 6.299847846 -2e-06
0 6.299847846 -2e-06
0 6.929335346 -2e-06
0 6.929335346 -2e-06
0 7.589734568 -2e-06
0 7.589734568 -2e-06
0 8.637838 -2e-06
0 8.637838 -2e-06
0 9.198863411 -2e-06
0 9.198863411 -2e-06
0 10.34945681 -2e-06
0 10.34945681 -2e-06
0 10.90773119 -2e-06
0 10.90773119 -2e-06
0 11.48428651 -2e-06
0 11.48428651 -2e-06
0 12.33139194 -2e-06
0 12.33139194 -2e-06
0 13.22373816 -2e-06
0 13.22373816 -2e-06
0 13.6761985 -2e-06
0 13.6761985 -2e-06
0 14.64626412 -2e-06
0 14.64626412 -2e-06
0 14.93820019 -2e-06
0 14.93820019 -2e-06
0 15.48590381 -2e-06
0 15.48590381 -2e-06
0 16.20455911 -2e-06
0 16.20455911 -2e-06
0 16.93433698 -2e-06
0 16.93433698 -2e-06
0 17.52516432 -2e-06
0 17.52516432 -2e-06
0 18.06812711 -2e-06
0 18.06812711 -2e-06
0 18.5344824 -2e-06
0 18.5344824 -2e-06
0 19.06434451 -2e-06
0 19.06434451 -2e-06
0 19.89038342 -2e-06
0 19.89038342 -2e-06
0 20.2891351 -2e-06
0 20.2891351 -2e-06
0 21.01208094 -2e-06
0 21.01208094 -2e-06
0 21.55347382 -2e-06
0 21.55347382 -2e-06
0 22.29930532 -2e-06
0 22.29930532 -2e-06
0 22.7516999 -2e-06
0 22.7516999 -2e-06
0 23.58502234 -2e-06
0 23.58502234 -2e-06
0 24.18215141 -2e-06
0 24.18215141 -2e-06
0 24.64478128 -2e-06
0 24.64478128 -2e-06
0 25.37687068 -2e-06
0 25.37687068 -2e-06
0 26.25073268 -2e-06
0 26.25073268 -2e-06
0 26.72309662 -2e-06
0 26.72309662 -2e-06
0 27.36088167 -2e-06
0 27.36088167 -2e-06
0 27.91914724 -2e-06
0 27.91914724 -2e-06
0 28.65274492 -2e-06
0 28.65274492 -2e-06
0 29.15830468 -2e-06
0 29.15830468 -2e-06
0 29.75576182 -2e-06
0 29.75576182 -2e-06
0 30.42227352 -2e-06
0 30.42227352 -2e-06
0 30.95923789 -2e-06
0 30.95923789 -2e-06
0 31.36543733 -2e-06
0 31.36543733 -2e-06
0 32.08978034 -2e-06
0 32.08978034 -2e-06
0 32.57745047 -2e-06
0 32.57745047 -2e-06
0 33.30746016 -2e-06
0 33.30746016 -2e-06
0 33.75381159 -2e-06
0 33.75381159 -2e-06
0 34.4034383 -2e-06
0 34.4034383 -2e-06
0 35.15833634 -2e-06
0 35.15833634 -2e-06
0 35.88288843 -2e-06
0 35.88288843 -2e-06
0 36.3626217 -2e-06
0 36.3626217 -2e-06
0 37.18934692 -2e-06
0 37.18934692 -2e-06
0 37.57982936 -2e-06
0 37.57982936 -2e-06
0 38.41145468 -2e-06
0 38.41145468 -2e-06
0 38.76115096 -2e-06
0 38.76115096 -2e-06
0 39.51266463 -2e-06
0 39.51266463 -2e-06
0 39.98762784 -2e-06
0 39.98762784 -2e-06
0 40.73835163 -2e-06
0 40.73835163 -2e-06
0 41.14979945 -2e-06
0 41.14979945 -2e-06
0 41.945897 -2e-06
0 41.945897 -2e-06
0 42.72189643 -2e-06
0 42.72189643 -2e-06
0 43.12634114 -2e-06
0 43.12634114 -2e-06
0 43.72076476 -2e-06
0 43.72076476 -2e-06
0 44.35560038 -2e-06
0 44.35560038 -2e-06
0 45.08094517 -2e-06
0 45.08094517 -2e-06
0 45.19928 -2e-06
0 45.19928 -2e-06
1 45.8561384 2e-06
1 45.8561384 2e-06
2 46.16188276 5e-06
2 46.16188276 5e-06
2 46.74881036 5e-06
2 46.74881036 5e-06
3 47.18128415 9e-06
3 47.18128415 9e-06
4 47.64626602 1.2e-05
4 47.64626602 1.2e-05
5 48.45121291 1.3e-05
5 48.45121291 1.3e-05
5 48.81674914 1.3e-05
5 48.81674914 1.3e-05
6 49.37868754 1.2e-05
6 49.37868754 1.2e-05
7 49.85217737 1.5e-05
7 49.85217737 1.5e-05
8 50.31908988 1.7e-05
8 50.31908988 1.7e-05
8 50.54512112 1.7e-05
8 50.54512112 1.7e-05
9 50.89786702 1.9e-05
9 50.89786702 1.9e-05
10 51.50301459 2e-05
10 51.50301459 2e-05
11 51.89606276 2.1e-05
11 51.89606276 2.1e-05
12 52.45720856 2.5e-05
12 52.45720856 2.5e-05
12 52.66563445 2.5e-05
12 52.66563445 2.5e-05
13 53.24543584 3.1e-05
13 53.24543584 3.1e-05
14 53.72040682 3.6e-05
14 53.72040682 3.6e-05
15 53.97362589 3.8e-05
15 53.97362589 3.8e-05
16 54.88275904 4e-05
16 54.88275904 4e-05
16 55.023506 4e-05
16 55.023506 4e-05
17 55.45723777 4.3e-05
17 55.45723777 4.3e-05
18 55.91916614 4.5e-05
18 55.91916614 4.5e-05
19 56.4397997 4.7e-05
19 56.4397997 4.7e-05
20 56.81608652 4.8e-05
20 56.81608652 4.8e-05
21 57.32746935 4.8e-05
21 57.32746935 4.8e-05
22 57.93286026 4.9e-05
22 57.93286026 4.9e-05
22 58.53574342 4.9e-05
22 58.53574342 4.9e-05
23 58.99144295 5.1e-05
23 58.99144295 5.1e-05
24 59.60882289 5.1e-05
24 59.60882289 5.1e-05
25 59.77929687 5e-05
25 59.77929687 5e-05
26 60.2661781 5e-05
26 60.2661781 5e-05
27 61.04141724 5e-05
27 61.04141724 5e-05
28 61.30502617 4.8e-05
28 61.30502617 4.8e-05
29 61.88609807 4.8e-05
29 61.88609807 4.8e-05
30 62.45302531 5e-05
30 62.45302531 5e-05
30 62.95768913 5e-05
30 62.95768913 5e-05
31 63.34650348 5.3e-05
31 63.34650348 5.3e-05
32 63.909153 5.7e-05
32 63.909153 5.7e-05
33 64.42922283 6.1e-05
33 64.42922283 6.1e-05
34 64.91483104 6.5e-05
34 64.91483104 6.5e-05
35 65.38995353 7e-05
35 65.38995353 7e-05
36 65.87889884 7.4e-05
36 65.87889884 7.4e-05
37 66.61364877 7.8e-05
37 66.61364877 7.8e-05
38 66.92872997 8e-05
38 66.92872997 8e-05
39 67.4436733 7.9e-05
39 67.4436733 7.9e-05
40 67.70922025 7.8e-05
40 67.70922025 7.8e-05
41 68.36786096 7.8e-05
41 68.36786096 7.8e-05
42 68.65639436 7.8e-05
42 68.65639436 7.8e-05
43 69.24874043 7.9e-05
43 69.24874043 7.9e-05
44 69.71558602 8e-05
44 69.71558602 8e-05
45 70.22835756 8.1e-05
45 70.22835756 8.1e-05
46 70.37819686 8.3e-05
46 70.37819686 8.3e-05
47 70.83595023 8.5e-05
47 70.83595023 8.5e-05
48 70.9933454 8.7e-05
48 70.9933454 8.7e-05
49 71.41753912 8.9e-05
49 71.41753912 8.9e-05
50 71.786946 9.1e-05
50 71.786946 9.1e-05
51 71.96801701 9.3e-05
51 71.96801701 9.3e-05
52 72.54764183 9.4e-05
52 72.54764183 9.4e-05
53 72.96929239 9.6e-05
53 72.96929239 9.6e-05
54 73.52647879 9.8e-05
54 73.52647879 9.8e-05
55 73.91735475 0.0001
55 73.91735475 0.0001
56 74.25005658 0.000101
56 74.25005658 0.000101
57 74.409649 0.000103
57 74.409649 0.000103
58 74.87169434 0.000104
58 74.87169434 0.000104
59 75.22059462 0.000105
59 75.22059462 0.000105
60 75.3365129 0.000107
60 75.3365129 0.000107
61 75.79473922 0.000108
61 75.79473922 0.000108
62 75.98761652 0.00011
62 75.98761652 0.00011
63 76.46159502 0.000111
63 76.46159502 0.000111
64 76.66140452 0.000109
64 76.66140452 0.000109
65 77.11619808 0.000107
65 77.11619808 0.000107
66 77.47205962 0.000106
66 77.47205962 0.000106
67 77.71322962 0.000105
67 77.71322962 0.000105
68 78.15189755 0.000105
68 78.15189755 0.000105
69 78.39365875 0.000102
69 78.39365875 0.000102
70 78.87314385 9.8e-05
70 78.87314385 9.8e-05
71 78.99005306 9.3e-05
71 78.99005306 9.3e-05
72 79.56619307 9e-05
72 79.56619307 9e-05
73 79.83819237 8.9e-05
73 79.83819237 8.9e-05
74 79.96564725 8.8e-05
74 79.96564725 8.8e-05
75 80.28036266 8.7e-05
75 80.28036266 8.7e-05
76 80.94940101 8.8e-05
76 80.94940101 8.8e-05
77 80.72854898 8.8e-05
77 80.72854898 8.8e-05
78 81.36207035 8.6e-05
78 81.36207035 8.6e-05
79 81.84173258 8.3e-05
79 81.84173258 8.3e-05
80 81.93005864 8.1e-05
80 81.93005864 8.1e-05
81 82.50793067 7.9e-05
81 82.50793067 7.9e-05
83 82.89061086 7.8e-05
83 82.89061086 7.8e-05
84 82.79534735 7.6e-05
84 82.79534735 7.6e-05
85 82.86118784 7.4e-05
85 82.86118784 7.4e-05
86 83.58416708 7.3e-05
86 83.58416708 7.3e-05
87 83.96485963 7.3e-05
87 83.96485963 7.3e-05
88 84.55494791 7.1e-05
88 84.55494791 7.1e-05
89 86.18195098 6.8e-05
89 86.18195098 6.8e-05
90 87.18939774 6.6e-05
90 87.18939774 6.6e-05
91 87.60791811 6.4e-05
91 87.60791811 6.4e-05
92 88.59496681 6.2e-05
92 88.59496681 6.2e-05
93 85.32646716 5.8e-05
93 85.32646716 5.8e-05
94 85.67254784 5.3e-05
94 85.67254784 5.3e-05
95 86.37428818 4.8e-05
95 86.37428818 4.8e-05
96 86.50828728 4.4e-05
96 86.50828728 4.4e-05
97 86.68609966 3.9e-05
97 86.68609966 3.9e-05
98 86.84407868 3.2e-05
98 86.84407868 3.2e-05
100 87.37698873 2.2e-05
100 87.37698873 2.2e-05
101 87.53988827 1.7e-05
101 87.53988827 1.7e-05
102 88.0885181 1.1e-05
102 88.0885181 1.1e-05
103 88.17036674 5e-06
103 88.17036674 5e-06
104 88.20819037 -1e-06
104 88.20819037 -1e-06
105 88.60941171 -8e-06
105 88.60941171 -8e-06
106 89.0001266 -1.6e-05
106 89.0001266 -1.6e-05
107 89.45786772 -2.4e-05
107 89.45786772 -2.4e-05
108 89.41181603 -3.2e-05
108 89.41181603 -3.2e-05
109 90.23659949 -3.8e-05
109 90.23659949 -3.8e-05
110 89.69996172 -4.3e-05
110 89.69996172 -4.3e-05
111 90.48058001 -4.8e-05
111 90.48058001 -4.8e-05
112 90.74843395 -5.3e-05
112 90.74843395 -5.3e-05
113 90.8823275 -5.8e-05
113 90.8823275 -5.8e-05
114 91.1709782 -6.4e-05
114 91.1709782 -6.4e-05
115 91.53009582 -6.9e-05
115 91.53009582 -6.9e-05
117 92.03729921 -7.9e-05
117 92.03729921 -7.9e-05
118 92.10233186 -8.5e-05
118 92.10233186 -8.5e-05
119 92.61173504 -9e-05
119 92.61173504 -9e-05
120 92.706639 -9.6e-05
120 92.706639 -9.6e-05
121 93.25039561 -0.000104
121 93.25039561 -0.000104
122 93.22985661 -0.000111
122 93.22985661 -0.000111
123 93.64590905 -0.000117
123 93.64590905 -0.000117
124 93.98659661 -0.000123
124 93.98659661 -0.000123
125 94.56595195 -0.000128
125 94.56595195 -0.000128
126 94.69619843 -0.000132
126 94.69619843 -0.000132
127 94.72253962 -0.000136
127 94.72253962 -0.000136
129 95.02276833 -0.000141
129 95.02276833 -0.000141
130 95.45930286 -0.000142
130 95.45930286 -0.000142
131 95.9410683 -0.000143
131 95.9410683 -0.000143
132 95.86427424 -0.000143
132 95.86427424 -0.000143
133 96.56620767 -0.000142
133 96.56620767 -0.000142
134 96.75565864 -0.00014
134 96.75565864 -0.00014
135 96.93896319 -0.000138
135 96.93896319 -0.000138
136 96.91586967 -0.000135
136 96.91586967 -0.000135
137 97.12145545 -0.000131
137 97.12145545 -0.000131
138 97.22354634 -0.000127
138 97.22354634 -0.000127
139 97.45192952 -0.000122
139 97.45192952 -0.000122
141 98.02640468 -0.00011
141 98.02640468 -0.00011
142 98.08593253 -0.000102
142 98.08593253 -0.000102
143 98.04397102 -9.5e-05
143 98.04397102 -9.5e-05
144 98.59034745 -8.9e-05
144 98.59034745 -8.9e-05
145 98.59390905 -8.3e-05
145 98.59390905 -8.3e-05
146 98.98656786 -7.5e-05
146 98.98656786 -7.5e-05
147 98.83758533 -6.8e-05
147 98.83758533 -6.8e-05
148 99.09437257 -6.3e-05
148 99.09437257 -6.3e-05
149 99.32997906 -5.6e-05
149 99.32997906 -5.6e-05
150 99.52272963 -4.9e-05
150 99.52272963 -4.9e-05
152 99.51487596 -3.5e-05
152 99.51487596 -3.5e-05
153 99.63215068 -2.9e-05
153 99.63215068 -2.9e-05
154 100.0482969 -2.5e-05
154 100.0482969 -2.5e-05
155 99.82432917 -2e-05
155 99.82432917 -2e-05
156 99.84847089 -1.6e-05
156 99.84847089 -1.6e-05
157 99.63542408 -1.4e-05
157 99.63542408 -1.4e-05
158 99.5208125 -1.3e-05
158 99.5208125 -1.3e-05
159 99.80303031 -1.1e-05
159 99.80303031 -1.1e-05
160 99.77193887 -9e-06
160 99.77193887 -9e-06
161 99.18606004 -7e-06
161 99.18606004 -7e-06
163 98.74863901 -5e-06
163 98.74863901 -5e-06
164 98.50869671 -4e-06
164 98.50869671 -4e-06
165 98.58318373 -3e-06
165 98.58318373 -3e-06
166 98.44898858 -2e-06
166 98.44898858 -2e-06
167 98.36403363 -3e-06
167 98.36403363 -3e-06
168 98.34760041 -2e-06
168 98.34760041 -2e-06
169 97.82324602 -1e-06
169 97.82324602 -1e-06
170 97.31486755 -1e-06
170 97.31486755 -1e-06
171 97.18352511 -0
171 97.18352511 -0
172 97.13363515 1e-06
172 97.13363515 1e-06
173 96.90625731 4e-06
173 96.90625731 4e-06
174 96.46460316 7e-06
174 96.46460316 7e-06
175 96.59730618 9e-06
175 96.59730618 9e-06
176 95.60921554 1.2e-05
176 95.60921554 1.2e-05
177 95.10846594 1.6e-05
177 95.10846594 1.6e-05
179 94.46004322 2.4e-05
179 94.46004322 2.4e-05
180 93.71447397 2.7e-05
180 93.71447397 2.7e-05
181 93.3556916 2.9e-05
181 93.3556916 2.9e-05
182 92.70070112 3.3e-05
182 92.70070112 3.3e-05
183 91.45434071 3.8e-05
183 91.45434071 3.8e-05
184 90.59770195 4.2e-05
184 90.59770195 4.2e-05
185 89.43653152 4.6e-05
185 89.43653152 4.6e-05
186 88.02162322 5.1e-05
186 88.02162322 5.1e-05
187 86.92622319 5.7e-05
187 86.92622319 5.7e-05
188 85.62950218 6.2e-05
188 85.62950218 6.2e-05
189 84.74139467 6.7e-05
189 84.74139467 6.7e-05
190 83.4631137 7.6e-05
190 83.4631137 7.6e-05
191 81.77994683 9.2e-05
191 81.77994683 9.2e-05
192 80.48287193 0.000112
192 80.48287193 0.000112
193 79.08380252 0.000135
193 79.08380252 0.000135
194 77.92061858 0.000163
194 77.92061858 0.000163
195 76.42269272 0.000198
195 76.42269272 0.000198
196 75.03203799 0.000235
196 75.03203799 0.000235
197 73.74407833 0.000275
197 73.74407833 0.000275
198 71.82546804 0.000321
198 71.82546804 0.000321
199 70.67732474 0.000375
199 70.67732474 0.000375
200 69.37840064 0.000435
200 69.37840064 0.000435
202 67.78165497 0.000576
202 67.78165497 0.000576
203 66.68662219 0.000652
203 66.68662219 0.000652
204 65.16891037 0.000736
204 65.16891037 0.000736
205 63.67143279 0.000829
205 63.67143279 0.000829
206 62.57789692 0.000927
206 62.57789692 0.000927
207 61.16127321 0.001029
207 61.16127321 0.001029
208 59.30770985 0.001141
208 59.30770985 0.001141
210 58.28191255 0.001423
210 58.28191255 0.001423
211 56.84747039 0.001625
211 56.84747039 0.001625
212 55.5759962 0.001864
212 55.5759962 0.001864
213 54.31094035 0.002143
213 54.31094035 0.002143
214 53.27209346 0.002464
214 53.27209346 0.002464
216 51.65894334 0.003246
216 51.65894334 0.003246
217 50.60293104 0.003718
217 50.60293104 0.003718
218 49.90529047 0.004245
218 49.90529047 0.004245
220 49.17387088 0.005457
220 49.17387088 0.005457
221 47.92130379 0.006133
221 47.92130379 0.006133
223 46.83543776 0.007649
223 46.83543776 0.007649
224 46.13101896 0.008483
224 46.13101896 0.008483
226 45.48671637 0.010237
226 45.48671637 0.010237
228 44.53212136 0.012087
228 44.53212136 0.012087
230 44.20365125 0.014053
230 44.20365125 0.014053
231 43.05673783 0.015129
231 43.05673783 0.015129
233 42.55898687 0.017485
233 42.55898687 0.017485
235 41.90671437 0.020044
235 41.90671437 0.020044
237 41.01700165 0.02276
237 41.01700165 0.02276
238 40.30999626 0.024176
238 40.30999626 0.024176
240 40.04561394 0.027051
240 40.04561394 0.027051
242 39.49109006 0.029952
242 39.49109006 0.029952
243 39.22925861 0.031394
243 39.22925861 0.031394
245 38.8084687 0.034132
245 38.8084687 0.034132
247 38.52757264 0.036654
247 38.52757264 0.036654
249 38.17764045 0.038763
249 38.17764045 0.038763
251 38.03266327 0.040828
251 38.03266327 0.040828
253 37.69337794 0.042949
253 37.69337794 0.042949
255 37.88961098 0.04499
255 37.88961098 0.04499
256 37.87977793 0.04598
256 37.87977793 0.04598
258 37.70918069 0.047827
258 37.70918069 0.047827
260 37.63553794 0.04955
260 37.63553794 0.04955
263 37.31771525 0.051345
263 37.31771525 0.051345
265 37.49853746 0.051834
265 37.49853746 0.051834
267 37.13278051 0.051722
267 37.13278051 0.051722
269 37.0453859 0.051065
269 37.0453859 0.051065
271 36.56746445 0.050379
271 36.56746445 0.050379
273 36.91415613 0.049856
273 36.91415613 0.049856
275 36.76569569 0.049623
275 36.76569569 0.049623
276 36.58107624 0.0496
276 36.58107624 0.0496
278 36.45563167 0.049762
278 36.45563167 0.049762
280 36.50596826 0.050248
280 36.50596826 0.050248
282 36.51658591 0.050459
282 36.51658591 0.050459
284 36.82148745 0.050327
284 36.82148745 0.050327
286 37.24915894 0.049806
286 37.24915894 0.049806
288 37.19341992 0.048888
288 37.19341992 0.048888
290 37.27660824 0.047807
290 37.27660824 0.047807
291 37.49041857 0.047385
291 37.49041857 0.047385
293 37.54926188 0.046732
293 37.54926188 0.046732
295 37.96289205 0.046303
295 37.96289205 0.046303
296 38.02962943 0.046162
296 38.02962943 0.046162
298 38.13318938 0.046073
298 38.13318938 0.046073
300 38.08834526 0.046161
300 38.08834526 0.046161
302 38.29090981 0.045942
302 38.29090981 0.045942
303 38.51990505 0.045662
303 38.51990505 0.045662
305 38.39048961 0.044774
305 38.39048961 0.044774
307 38.6745414 0.043475
307 38.6745414 0.043475
308 38.99117935 0.042697
308 38.99117935 0.042697
310 38.92396246 0.040942
310 38.92396246 0.040942
312 39.00142121 0.03911
312 39.00142121 0.03911
313 39.57927627 0.038179
313 39.57927627 0.038179
315 39.10132298 0.036277
315 39.10132298 0.036277
316 39.51969368 0.035311
316 39.51969368 0.035311
318 39.91564906 0.033425
318 39.91564906 0.033425
319 39.98759984 0.032516
319 39.98759984 0.032516
321 40.21319787 0.030626
321 40.21319787 0.030626
323 40.34434382 0.028478
323 40.34434382 0.028478
324 40.31107514 0.027349
324 40.31107514 0.027349
326 40.62010275 0.024998
326 40.62010275 0.024998
327 40.8672083 0.023801
327 40.8672083 0.023801
328 41.18723941 0.022598
328 41.18723941 0.022598
330 41.33808586 0.02022
330 41.33808586 0.02022
331 41.71341665 0.019081
331 41.71341665 0.019081
333 41.71103903 0.016932
333 41.71103903 0.016932
334 42.05241731 0.015922
334 42.05241731 0.015922
336 42.62228714 0.014057
336 42.62228714 0.014057
337 42.42404045 0.013225
337 42.42404045 0.013225
339 42.51517232 0.011782
339 42.51517232 0.011782
340 42.43400461 0.011168
340 42.43400461 0.011168
341 43.60328756 0.010553
341 43.60328756 0.010553
343 43.58426126 0.009322
343 43.58426126 0.009322
344 43.92905033 0.008702
344 43.92905033 0.008702
346 43.83715831 0.007467
346 43.83715831 0.007467
347 44.40838577 0.00687
347 44.40838577 0.00687
348 44.56405007 0.006298
348 44.56405007 0.006298
350 44.86180409 0.005196
350 44.86180409 0.005196
351 45.01517878 0.004688
351 45.01517878 0.004688
353 45.16320357 0.003779
353 45.16320357 0.003779
354 45.19167914 0.003371
354 45.19167914 0.003371
355 45.4942131 0.003009
355 45.4942131 0.003009
357 45.73356806 0.002427
357 45.73356806 0.002427
358 46.06596906 0.00221
358 46.06596906 0.00221
360 46.28237915 0.00197
360 46.28237915 0.00197
361 47.00463889 0.001879
361 47.00463889 0.001879
362 47.31673426 0.001785
362 47.31673426 0.001785
364 47.54409215 0.001595
364 47.54409215 0.001595
365 48.03918892 0.001501
365 48.03918892 0.001501
366 48.34173291 0.001408
366 48.34173291 0.001408
368 48.74119768 0.00123
368 48.74119768 0.00123
369 49.14197657 0.001139
369 49.14197657 0.001139
371 49.47524936 0.000941
371 49.47524936 0.000941
372 49.89745709 0.000846
372 49.89745709 0.000846
373 50.23063484 0.000755
373 50.23063484 0.000755
375 50.43457084 0.000583
375 50.43457084 0.000583
376 50.53603749 0.000507
376 50.53603749 0.000507
378 50.98345614 0.000379
378 50.98345614 0.000379
379 51.01868486 0.00033
379 51.01868486 0.00033
380 51.08609909 0.000301
380 51.08609909 0.000301
382 51.16332308 0.000258
382 51.16332308 0.000258
383 51.64940647 0.000234
383 51.64940647 0.000234
384 51.61499515 0.000207
384 51.61499515 0.000207
386 51.48220805 0.000151
386 51.48220805 0.000151
387 51.49580183 0.000123
387 51.49580183 0.000123
389 51.61762612 5.8e-05
389 51.61762612 5.8e-05
390 51.74227304 -3e-06
390 51.74227304 -3e-06
391 51.54372807 -7.8e-05
391 51.54372807 -7.8e-05
393 51.30606514 -0.000294
393 51.30606514 -0.000294
394 51.67231906 -0.000423
394 51.67231906 -0.000423
396 51.30782721 -0.000707
396 51.30782721 -0.000707
397 51.3193389 -0.000861
397 51.3193389 -0.000861
398 50.97104717 -0.001024
398 50.97104717 -0.001024
400 50.82789196 -0.001376
400 50.82789196 -0.001376
401 50.70686793 -0.001575
401 50.70686793 -0.001575
402 50.45258369 -0.001779
402 50.45258369 -0.001779
404 49.74249369 -0.002197
404 49.74249369 -0.002197
405 49.81095698 -0.00241
405 49.81095698 -0.00241
407 49.32001682 -0.002874
407 49.32001682 -0.002874
408 48.81554544 -0.003112
408 48.81554544 -0.003112
409 48.66920214 -0.003347
409 48.66920214 -0.003347
411 48.36660881 -0.003981
411 48.36660881 -0.003981
412 47.47988493 -0.004377
412 47.47988493 -0.004377
414 47.02866842 -0.005331
414 47.02866842 -0.005331
415 46.57887848 -0.005894
415 46.57887848 -0.005894
417 46.09640996 -0.007154
417 46.09640996 -0.007154
418 45.96679577 -0.007845
418 45.96679577 -0.007845
419 45.35092407 -0.008577
419 45.35092407 -0.008577
421 44.70940454 -0.010152
421 44.70940454 -0.010152
422 44.3495744 -0.010989
422 44.3495744 -0.010989
424 44.78985245 -0.012761
424 44.78985245 -0.012761
425 44.38873617 -0.013694
425 44.38873617 -0.013694
427 44.09367702 -0.0156
427 44.09367702 -0.0156
428 44.14256933 -0.016563
428 44.14256933 -0.016563
430 44.19941734 -0.018634
430 44.19941734 -0.018634
432 43.63402633 -0.021108
432 43.63402633 -0.021108
434 43.97728477 -0.023894
434 43.97728477 -0.023894
435 43.96834154 -0.025426
435 43.96834154 -0.025426
437 43.3711781 -0.028689
437 43.3711781 -0.028689
439 43.72561024 -0.032223
439 43.72561024 -0.032223
441 43.27425433 -0.03592
441 43.27425433 -0.03592
443 43.00871386 -0.039607
443 43.00871386 -0.039607
445 43.05672227 -0.043185
445 43.05672227 -0.043185
448 43.15920222 -0.047788
448 43.15920222 -0.047788
450 42.73519828 -0.050341
450 42.73519828 -0.050341
453 42.57462179 -0.054046
453 42.57462179 -0.054046
455 42.6081461 -0.056198
455 42.6081461 -0.056198
458 42.61442388 -0.058597
458 42.61442388 -0.058597
460 42.30161205 -0.059734
460 42.30161205 -0.059734
463 42.24692367 -0.060068
463 42.24692367 -0.060068
466 42.33605014 -0.058282
466 42.33605014 -0.058282
469 42.05100759 -0.054876
469 42.05100759 -0.054876
471 42.08937965 -0.05184
471 42.08937965 -0.05184
473 41.92180889 -0.048499
473 41.92180889 -0.048499
475 41.8883059 -0.045084
475 41.8883059 -0.045084
477 41.80863 -0.041666
477 41.80863 -0.041666
479 41.45084567 -0.038427
479 41.45084567 -0.038427
481 41.38145117 -0.03531
481 41.38145117 -0.03531
483 41.60064183 -0.031971
483 41.60064183 -0.031971
485 41.48635061 -0.02852
485 41.48635061 -0.02852
487 41.60002867 -0.025162
487 41.60002867 -0.025162
489 41.41889673 -0.021907
489 41.41889673 -0.021907
490 41.5185231 -0.020346
490 41.5185231 -0.020346
492 41.84683444 -0.017407
492 41.84683444 -0.017407
493 41.76194912 -0.016041
493 41.76194912 -0.016041
495 41.86479574 -0.01353
495 41.86479574 -0.01353
497 42.15873564 -0.01144
497 42.15873564 -0.01144
498 42.20821921 -0.010547
498 42.20821921 -0.010547
500 42.7313064 -0.009088
500 42.7313064 -0.009088
502 42.9770332 -0.007744
502 42.9770332 -0.007744
503 42.84518664 -0.007092
503 42.84518664 -0.007092
505 43.09464049 -0.005811
505 43.09464049 -0.005811
506 43.10233826 -0.005192
506 43.10233826 -0.005192
508 43.05575023 -0.004012
508 43.05575023 -0.004012
509 42.89910068 -0.00346
509 42.89910068 -0.00346
511 42.96178201 -0.002447
511 42.96178201 -0.002447
513 42.76309002 -0.001581
513 42.76309002 -0.001581
514 42.93760991 -0.001194
514 42.93760991 -0.001194
516 43.12622344 -0.000544
516 43.12622344 -0.000544
517 43.07506831 -0.000288
517 43.07506831 -0.000288
519 43.32191109 4.7e-05
519 43.32191109 4.7e-05
520 43.40376666 0.000137
520 43.40376666 0.000137
522 43.44023552 0.000313
522 43.44023552 0.000313
523 43.4795189 0.000409
523 43.4795189 0.000409
525 43.7396854 0.000602
525 43.7396854 0.000602
526 43.27745004 0.000686
526 43.27745004 0.000686
528 43.67575463 0.000842
528 43.67575463 0.000842
529 43.64608295 0.000902
529 43.64608295 0.000902
531 43.51058852 0.00109
531 43.51058852 0.00109
532 43.44668645 0.00124
532 43.44668645 0.00124
534 43.28718371 0.001598
534 43.28718371 0.001598
535 43.20595989 0.001804
535 43.20595989 0.001804
536 43.16775191 0.002016
536 43.16775191 0.002016
538 42.79316911 0.002458
538 42.79316911 0.002458
539 42.83202354 0.002677
539 42.83202354 0.002677
541 42.65188926 0.003141
541 42.65188926 0.003141
542 42.72689215 0.003382
542 42.72689215 0.003382
544 42.24140301 0.003889
544 42.24140301 0.003889
545 42.32447371 0.004143
545 42.32447371 0.004143
546 42.09781849 0.004396
546 42.09781849 0.004396
548 41.93836555 0.004873
548 41.93836555 0.004873
549 41.85087168 0.005115
549 41.85087168 0.005115
551 41.60254922 0.005822
551 41.60254922 0.005822
552 41.5821674 0.006265
552 41.5821674 0.006265
554 41.46778701 0.007338
554 41.46778701 0.007338
555 41.427104 0.007949
555 41.427104 0.007949
556 41.05731961 0.008601
556 41.05731961 0.008601
558 40.9055757 0.010043
558 40.9055757 0.010043
559 40.73845574 0.010815
559 40.73845574 0.010815
561 40.54116051 0.012467
561 40.54116051 0.012467
562 40.7275026 0.013331
562 40.7275026 0.013331
564 40.32428755 0.015095
564 40.32428755 0.015095
565 40.2052383 0.015972
565 40.2052383 0.015972
567 40.27020499 0.017682
567 40.27020499 0.017682
568 40.26127952 0.018516
568 40.26127952 0.018516
570 39.73565171 0.020247
570 39.73565171 0.020247
571 39.70745967 0.021265
571 39.70745967 0.021265
573 39.6631248 0.023582
573 39.6631248 0.023582
574 39.421129 0.024876
574 39.421129 0.024876
576 39.4403532 0.027665
576 39.4403532 0.027665
578 39.45397221 0.030706
578 39.45397221 0.030706
579 39.32303686 0.032282
579 39.32303686 0.032282
581 38.83550158 0.035568
581 38.83550158 0.035568
582 39.01060415 0.037243
582 39.01060415 0.037243
584 38.9565493 0.040573
584 38.9565493 0.040573
586 38.53817733 0.043772
586 38.53817733 0.043772
588 38.52562131 0.046661
588 38.52562131 0.046661
589 38.24958179 0.047963
589 38.24958179 0.047963
591 38.0888605 0.050653
591 38.0888605 0.050653
593 37.72171568 0.053248
593 37.72171568 0.053248
595 37.82330219 0.055715
595 37.82330219 0.055715
596 37.59613254 0.056866
596 37.59613254 0.056866
598 37.20218195 0.05891
598 37.20218195 0.05891
600 37.45201822 0.060485
600 37.45201822 0.060485
602 37.54927204 0.061262
602 37.54927204 0.061262
604 37.08038181 0.0611
604 37.08038181 0.0611
605 36.96869294 0.060654
605 36.96869294 0.060654
607 37.82444346 0.059078
607 37.82444346 0.059078
609 37.93617653 0.05678
609 37.93617653 0.05678
611 38.1596275 0.053955
611 38.1596275 0.053955
612 38.01543761 0.052394
612 38.01543761 0.052394
614 37.9958979 0.049049
614 37.9958979 0.049049
615 38.62300223 0.0473
615 38.62300223 0.0473
617 38.32367598 0.043848
617 38.32367598 0.043848
618 38.84806211 0.042174
618 38.84806211 0.042174
620 38.9145853 0.038956
620 38.9145853 0.038956
622 38.91588859 0.035612
622 38.91588859 0.035612
623 39.0778817 0.033887
623 39.0778817 0.033887
624 39.45093512 0.032128
624 39.45093512 0.032128
626 39.61996158 0.028601
626 39.61996158 0.028601
627 39.85248236 0.02688
627 39.85248236 0.02688
629 40.16204828 0.023581
629 40.16204828 0.023581
630 40.15374362 0.022019
630 40.15374362 0.022019
632 40.39729809 0.019085
632 40.39729809 0.019085
633 40.57244618 0.017733
633 40.57244618 0.017733
634 40.89735226 0.01645
634 40.89735226 0.01645
636 40.96992041 0.01413
636 40.96992041 0.01413
637 41.15951026 0.013116
637 41.15951026 0.013116
639 41.15243308 0.011393
639 41.15243308 0.011393
640 41.47165605 0.010691
640 41.47165605 0.010691
642 41.58215377 0.009275
642 41.58215377 0.009275
643 41.67838454 0.008585
643 41.67838454 0.008585
644 41.74342574 0.007904
644 41.74342574 0.007904
646 42.39204722 0.006559
646 42.39204722 0.006559
647 42.46560215 0.005914
647 42.46560215 0.005914
649 43.08725629 0.004711
649 43.08725629 0.004711
650 43.19673003 0.004173
650 43.19673003 0.004173
651 43.47374138 0.003667
651 43.47374138 0.003667
653 44.02106293 0.002724
653 44.02106293 0.002724
654 44.2822107 0.002309
654 44.2822107 0.002309
656 44.53430222 0.001603
656 44.53430222 0.001603
657 44.74302282 0.001321
657 44.74302282 0.001321
659 45.18999769 0.000959
659 45.18999769 0.000959
660 45.24129048 0.000872
660 45.24129048 0.000872
662 45.78920526 0.000694
662 45.78920526 0.000694
663 45.77350468 0.000592
663 45.77350468 0.000592
665 46.25373965 0.000401
665 46.25373965 0.000401
666 46.5517589 0.000301
666 46.5517589 0.000301
667 46.93558794 0.000196
667 46.93558794 0.000196
669 47.10045901 6e-06
669 47.10045901 6e-06
670 47.13963641 -7.9e-05
670 47.13963641 -7.9e-05
672 47.91326115 -0.000203
672 47.91326115 -0.000203
673 48.05775534 -0.000262
673 48.05775534 -0.000262
675 48.39681255 -0.000378
675 48.39681255 -0.000378
676 48.34146688 -0.000423
676 48.34146688 -0.000423
678 48.74031904 -0.000474
678 48.74031904 -0.000474
679 49.04706543 -0.00048
679 49.04706543 -0.00048
681 49.26179446 -0.000494
681 49.26179446 -0.000494
682 49.53495706 -0.0005
682 49.53495706 -0.0005
684 49.73445668 -0.000514
684 49.73445668 -0.000514
685 50.09035906 -0.000521
685 50.09035906 -0.000521
687 50.09572136 -0.000528
687 50.09572136 -0.000528
688 50.48195954 -0.000528
688 50.48195954 -0.000528
690 50.47880914 -0.000515
690 50.47880914 -0.000515
691 50.97043287 -0.000503
691 50.97043287 -0.000503
693 51.10294568 -0.000471
693 51.10294568 -0.000471
694 51.23365277 -0.000453
694 51.23365277 -0.000453
696 51.63620719 -0.00038
696 51.63620719 -0.00038
697 51.79138577 -0.000336
697 51.79138577 -0.000336
699 51.75017556 -0.000246
699 51.75017556 -0.000246
700 52.00380711 -0.000201
700 52.00380711 -0.000201
702 52.31782685 -0.000114
702 52.31782685 -0.000114
703 52.39375458 -7.2e-05
703 52.39375458 -7.2e-05
705 52.73202899 1.5e-05
705 52.73202899 1.5e-05
707 52.82206029 0.000124
707 52.82206029 0.000124
708 53.07501792 0.000175
708 53.07501792 0.000175
710 53.33056867 0.000269
710 53.33056867 0.000269
711 53.25188204 0.00031
711 53.25188204 0.00031
713 53.31864528 0.000378
713 53.31864528 0.000378
714 53.91953852 0.000415
714 53.91953852 0.000415
716 53.74767887 0.000516
716 53.74767887 0.000516
717 54.05462442 0.000562
717 54.05462442 0.000562
719 54.20241432 0.000633
719 54.20241432 0.000633
720 54.53373162 0.000658
720 54.53373162 0.000658
722 54.85101626 0.000685
722 54.85101626 0.000685
723 54.57893933 0.000696
723 54.57893933 0.000696
725 54.96444885 0.000743
725 54.96444885 0.000743
726 54.86214548 0.000758
726 54.86214548 0.000758
728 55.59196663 0.000791
728 55.59196663 0.000791
729 55.34162057 0.0008
729 55.34162057 0.0008
731 55.63668953 0.000818
731 55.63668953 0.000818
732 56.01685823 0.000816
732 56.01685823 0.000816
734 55.86712754 0.000821
734 55.86712754 0.000821
736 56.18510789 0.000829
736 56.18510789 0.000829
737 56.3676 0.000838
737 56.3676 0.000838
739 56.59121495 0.000843
739 56.59121495 0.000843
740 56.87556641 0.000839
740 56.87556641 0.000839
742 57.00267257 0.000821
742 57.00267257 0.000821
743 57.14726387 0.000815
743 57.14726387 0.000815
745 57.55089152 0.000821
745 57.55089152 0.000821
746 57.66447334 0.000825
746 57.66447334 0.000825
748 57.84417883 0.00081
748 57.84417883 0.00081
749 58.01870081 0.000798
749 58.01870081 0.000798
751 58.17937488 0.000798
751 58.17937488 0.000798
753 58.47427038 0.000839
753 58.47427038 0.000839
754 58.53864084 0.000856
754 58.53864084 0.000856
756 58.98127912 0.000906
756 58.98127912 0.000906
757 59.02655323 0.000948
757 59.02655323 0.000948
759 59.16743784 0.001053
759 59.16743784 0.001053
760 59.48316613 0.001108
760 59.48316613 0.001108
762 59.56506969 0.00122
762 59.56506969 0.00122
763 59.75407101 0.001275
763 59.75407101 0.001275
765 59.90853614 0.00136
765 59.90853614 0.00136
767 60.03461035 0.001436
767 60.03461035 0.001436
768 60.09906912 0.001472
768 60.09906912 0.001472
770 60.35985197 0.001546
770 60.35985197 0.001546
771 60.38628383 0.001591
771 60.38628383 0.001591
773 60.72555894 0.001689
773 60.72555894 0.001689
774 60.63269838 0.001742
774 60.63269838 0.001742
776 61.2202443 0.00185
776 61.2202443 0.00185
777 61.27316175 0.001905
777 61.27316175 0.001905
779 61.07703367 0.002011
779 61.07703367 0.002011
780 61.22398275 0.002061
780 61.22398275 0.002061
782 61.50351234 0.002155
782 61.50351234 0.002155
784 61.83935807 0.002242
784 61.83935807 0.002242
785 61.72586521 0.002273
785 61.72586521 0.002273
787 61.51839413 0.002309
787 61.51839413 0.002309
788 61.9333581 0.002321
788 61.9333581 0.002321
790 62.09892565 0.002342
790 62.09892565 0.002342
791 61.99389886 0.002356
791 61.99389886 0.002356
793 62.25568675 0.00239
793 62.25568675 0.00239
795 62.56583424 0.00242
795 62.56583424 0.00242
796 62.77626432 0.002423
796 62.77626432 0.002423
798 63.11800403 0.002428
798 63.11800403 0.002428
799 63.27640315 0.00243
799 63.27640315 0.00243
801 63.39674381 0.002427
801 63.39674381 0.002427
802 64.05475431 0.002414
802 64.05475431 0.002414
804 64.00996423 0.002388
804 64.00996423 0.002388
806 64.29602038 0.002343
806 64.29602038 0.002343
807 64.75409487 0.00231
807 64.75409487 0.00231
809 64.76845029 0.002234
809 64.76845029 0.002234
811 65.16830246 0.002173
811 65.16830246 0.002173
812 65.176768 0.00215
812 65.176768 0.00215
814 65.62829323 0.002114
814 65.62829323 0.002114
815 65.6637837 0.002095
815 65.6637837 0.002095
817 66.03017372 0.00208
817 66.03017372 0.00208
819 66.03144629 0.002109
819 66.03144629 0.002109
820 66.61095966 0.002126
820 66.61095966 0.002126
822 66.83227072 0.002135
822 66.83227072 0.002135
824 67.01322602 0.002118
824 67.01322602 0.002118
825 67.20904469 0.002113
825 67.20904469 0.002113
827 67.36191359 0.002111
827 67.36191359 0.002111
828 67.59873758 0.002101
828 67.59873758 0.002101
830 68.0045111 0.00207
830 68.0045111 0.00207
832 68.36554046 0.002053
832 68.36554046 0.002053
833 68.78685226 0.002048
833 68.78685226 0.002048
835 68.96558857 0.00205
835 68.96558857 0.00205
837 68.75318806 0.002077
837 68.75318806 0.002077
838 69.11727363 0.002094
838 69.11727363 0.002094
840 69.29898942 0.002135
840 69.29898942 0.002135
841 69.6579185 0.002153
841 69.6579185 0.002153
843 70.13668024 0.002174
843 70.13668024 0.002174
845 70.38588455 0.002178
845 70.38588455 0.002178
846 70.77859919 0.002172
846 70.77859919 0.002172
848 70.97980242 0.002148
848 70.97980242 0.002148
850 71.09798584 0.002112
850 71.09798584 0.002112
851 71.56272834 0.002096
851 71.56272834 0.002096
853 71.79172519 0.002087
853 71.79172519 0.002087
854 71.90769102 0.002085
854 71.90769102 0.002085
856 72.35065589 0.002084
856 72.35065589 0.002084
858 72.67266505 0.002096
858 72.67266505 0.002096
859 72.77403743 0.0021
859 72.77403743 0.0021
861 73.24599525 0.002096
861 73.24599525 0.002096
862 73.42905156 0.002092
862 73.42905156 0.002092
864 73.66244823 0.002077
864 73.66244823 0.002077
866 74.18788269 0.002047
866 74.18788269 0.002047
867 74.25198925 0.002032
867 74.25198925 0.002032
869 74.57147735 0.001987
869 74.57147735 0.001987
871 74.80666908 0.001944
871 74.80666908 0.001944
872 75.22150633 0.001925
872 75.22150633 0.001925
874 75.17845594 0.001899
874 75.17845594 0.001899
875 75.69847959 0.001896
875 75.69847959 0.001896
877 76.04914224 0.001894
877 76.04914224 0.001894
879 76.26823186 0.001899
879 76.26823186 0.001899
880 76.71837266 0.001906
880 76.71837266 0.001906
882 77.05351206 0.001915
882 77.05351206 0.001915
883 77.13169574 0.001913
883 77.13169574 0.001913
885 77.45757245 0.001911
885 77.45757245 0.001911
887 77.6458708 0.001903
887 77.6458708 0.001903
888 78.20192193 0.00189
888 78.20192193 0.00189
890 78.39529674 0.001843
890 78.39529674 0.001843
892 78.36577039 0.001792
892 78.36577039 0.001792
893 78.9472592 0.001769
893 78.9472592 0.001769
895 79.38042539 0.001725
895 79.38042539 0.001725
896 79.55636879 0.001699
896 79.55636879 0.001699
898 79.49961683 0.001636
898 79.49961683 0.001636
900 79.59043789 0.00157
900 79.59043789 0.00157
901 79.89858414 0.001536
901 79.89858414 0.001536
903 80.27980891 0.001461
903 80.27980891 0.001461
905 80.40638369 0.001377
905 80.40638369 0.001377
906 80.44483338 0.001331
906 80.44483338 0.001331
908 80.3315416 0.001235
908 80.3315416 0.001235
910 80.37704124 0.001129
910 80.37704124 0.001129
912 80.40879576 0.000999
912 80.40879576 0.000999
913 80.51785691 0.000925
913 80.51785691 0.000925
915 80.6048752 0.000771
915 80.6048752 0.000771
917 80.39779742 0.000612
917 80.39779742 0.000612
918 80.42947829 0.000535
918 80.42947829 0.000535
920 80.3235821 0.000384
920 80.3235821 0.000384
922 80.31695036 0.000229
922 80.31695036 0.000229
923 80.26380075 0.000148
923 80.26380075 0.000148
925 80.33632771 -2.4e-05
925 80.33632771 -2.4e-05
927 80.13709067 -0.0002
927 80.13709067 -0.0002
929 80.21646726 -0.000382
929 80.21646726 -0.000382
930 79.98256515 -0.000487
930 79.98256515 -0.000487
932 79.83619351 -0.000733
932 79.83619351 -0.000733
934 80.00713381 -0.001049
934 80.00713381 -0.001049
936 80.04142384 -0.001396
936 80.04142384 -0.001396
937 79.83429945 -0.001589
937 79.83429945 -0.001589
939 79.7997619 -0.00198
939 79.7997619 -0.00198
941 79.84275509 -0.002364
941 79.84275509 -0.002364
943 79.64423947 -0.002767
943 79.64423947 -0.002767
944 79.51683131 -0.002969
944 79.51683131 -0.002969
946 79.48606311 -0.003384
946 79.48606311 -0.003384
948 79.56893599 -0.003797
948 79.56893599 -0.003797
950 79.09224491 -0.004216
950 79.09224491 -0.004216
952 79.1610322 -0.004733
952 79.1610322 -0.004733
954 79.06361071 -0.005317
954 79.06361071 -0.005317
956 78.98191663 -0.005954
956 78.98191663 -0.005954
958 78.69870387 -0.006632
958 78.69870387 -0.006632
959 78.39289216 -0.006977
959 78.39289216 -0.006977
961 78.55398334 -0.007668
961 78.55398334 -0.007668
963 78.53167841 -0.008347
963 78.53167841 -0.008347
965 78.33585783 -0.008971
965 78.33585783 -0.008971
968 78.0473065 -0.0098
968 78.0473065 -0.0098
970 77.88455004 -0.01028
970 77.88455004 -0.01028
972 77.57438309 -0.010813
972 77.57438309 -0.010813
974 77.52584785 -0.011371
974 77.52584785 -0.011371
976 77.43436489 -0.011918
976 77.43436489 -0.011918
978 77.34536797 -0.012464
978 77.34536797 -0.012464
980 76.91024239 -0.012995
980 76.91024239 -0.012995
983 76.6783146 -0.013652
983 76.6783146 -0.013652
985 76.58217226 -0.013929
985 76.58217226 -0.013929
987 76.57471956 -0.014082
987 76.57471956 -0.014082
989 76.18197268 -0.014116
989 76.18197268 -0.014116
992 75.96251033 -0.014054
992 75.96251033 -0.014054
994 75.91606838 -0.013934
994 75.91606838 -0.013934
996 75.38986426 -0.013794
996 75.38986426 -0.013794
999 75.36131499 -0.013548
999 75.36131499 -0.013548
1001 74.96591677 -0.013374
1001 74.96591677 -0.013374
1003 75.01243256 -0.013082
1003 75.01243256 -0.013082
1005 74.49177625 -0.012665
1005 74.49177625 -0.012665
1008 74.70353143 -0.011811
1008 74.70353143 -0.011811
1010 74.10216236 -0.01115
1010 74.10216236 -0.01115
1012 74.20530961 -0.010482
1012 74.20530961 -0.010482
1014 73.70257863 -0.009824
1014 73.70257863 -0.009824
1016 73.27728715 -0.009199
1016 73.27728715 -0.009199
1018 72.32636145 -0.008642
1018 72.32636145 -0.008642
1020 71.43524621 -0.008173
1020 71.43524621 -0.008173
1022 70.48518729 -0.007678
1022 70.48518729 -0.007678
1024 68.92978812 -0.007137
1024 68.92978812 -0.007137
1026 67.53092812 -0.006568
1026 67.53092812 -0.006568
1028 65.90114602 -0.005995
1028 65.90114602 -0.005995
1030 64.35259192 -0.005393
1030 64.35259192 -0.005393
1031 62.88873789 -0.005089
1031 62.88873789 -0.005089
1033 61.28260777 -0.004503
1033 61.28260777 -0.004503
1035 59.55106034 -0.003963
1035 59.55106034 -0.003963
1036 58.03539837 -0.003729
1036 58.03539837 -0.003729
1038 56.34714275 -0.003339
1038 56.34714275 -0.003339
1039 54.95416546 -0.003202
1039 54.95416546 -0.003202
1041 53.49880558 -0.002978
1041 53.49880558 -0.002978
1042 51.56444194 -0.002847
1042 51.56444194 -0.002847
1044 50.57007449 -0.002558
1044 50.57007449 -0.002558
1045 48.72548782 -0.002409
1045 48.72548782 -0.002409
1046 47.2344973 -0.002264
1046 47.2344973 -0.002264
1048 45.93503206 -0.001962
1048 45.93503206 -0.001962
1049 44.47255757 -0.001803
1049 44.47255757 -0.001803
1050 43.52318369 -0.00164
1050 43.52318369 -0.00164
1051 42.08984518 -0.001479
1051 42.08984518 -0.001479
1052 40.93110661 -0.001313
1052 40.93110661 -0.001313
1053 40.08209624 -0.001141
1053 40.08209624 -0.001141
1054 39.16959131 -0.000969
1054 39.16959131 -0.000969
1056 38.6359673 -0.000652
1056 38.6359673 -0.000652
1057 37.67496871 -0.000505
1057 37.67496871 -0.000505
1058 36.71654266 -0.000376
1058 36.71654266 -0.000376
1059 35.86946302 -0.000261
1059 35.86946302 -0.000261
1060 34.74288698 -0.000155
1060 34.74288698 -0.000155
1061 33.87139556 -4.1e-05
1061 33.87139556 -4.1e-05
1061 33.21681589 -4.1e-05
1061 33.21681589 -4.1e-05
1062 32.08010985 7.5e-05
1062 32.08010985 7.5e-05
1063 31.76482755 0.000179
1063 31.76482755 0.000179
1064 30.76831617 0.000282
1064 30.76831617 0.000282
1065 30.28696345 0.000394
1065 30.28696345 0.000394
1066 30.52849976 0.000503
1066 30.52849976 0.000503
1067 29.94884302 0.000604
1067 29.94884302 0.000604
1067 29.89937473 0.000604
1067 29.89937473 0.000604
1068 29.74871957 0.000706
1068 29.74871957 0.000706
1069 29.70076258 0.000802
1069 29.70076258 0.000802
1070 29.62006947 0.000903
1070 29.62006947 0.000903
1071 29.67244675 0.001015
1071 29.67244675 0.001015
1072 29.27537317 0.001133
1072 29.27537317 0.001133
1072 29.30241879 0.001133
1072 29.30241879 0.001133
1073 29.44426356 0.001251
1073 29.44426356 0.001251
1074 28.96296671 0.001363
1074 28.96296671 0.001363
1075 29.13353184 0.001473
1075 29.13353184 0.001473
1076 29.14177891 0.001584
1076 29.14177891 0.001584
1076 29.53779582 0.001584
1076 29.53779582 0.001584
1077 29.43061773 0.001682
1077 29.43061773 0.001682
1078 29.55051799 0.001769
1078 29.55051799 0.001769
1079 29.75315543 0.001855
1079 29.75315543 0.001855
1080 29.88927029 0.001938
1080 29.88927029 0.001938
1080 29.95638421 0.001938
1080 29.95638421 0.001938
1081 29.69469765 0.002017
1081 29.69469765 0.002017
1082 29.99105039 0.002088
1082 29.99105039 0.002088
1083 29.77788471 0.002161
1083 29.77788471 0.002161
1084 29.56505155 0.002233
1084 29.56505155 0.002233
1085 29.45375279 0.002291
1085 29.45375279 0.002291
1085 29.88510508 0.002291
1085 29.88510508 0.002291
1086 29.54412028 0.00234
1086 29.54412028 0.00234
1087 29.68490993 0.002392
1087 29.68490993 0.002392
1088 29.49440518 0.00245
1088 29.49440518 0.00245
1089 29.40697971 0.002501
1089 29.40697971 0.002501
1089 29.22711508 0.002501
1089 29.22711508 0.002501
1090 28.98534283 0.002562
1090 28.98534283 0.002562
1091 29.38005818 0.00263
1091 29.38005818 0.00263
1092 28.9438389 0.002694
1092 28.9438389 0.002694
1093 29.06923513 0.002767
1093 29.06923513 0.002767
1093 28.27521002 0.002767
1093 28.27521002 0.002767
1094 28.57436564 0.002859
1094 28.57436564 0.002859
1095 28.56166283 0.002956
1095 28.56166283 0.002956
1096 28.42096399 0.003054
1096 28.42096399 0.003054
1097 28.39078202 0.003163
1097 28.39078202 0.003163
1097 27.85358838 0.003163
1097 27.85358838 0.003163
1098 27.70363748 0.003283
1098 27.70363748 0.003283
1099 27.7518913 0.003401
1099 27.7518913 0.003401
1100 27.80732894 0.003508
1100 27.80732894 0.003508
1100 27.54281743 0.003508
1100 27.54281743 0.003508
1101 27.44732686 0.003602
1101 27.44732686 0.003602
1102 28.22941781 0.003691
1102 28.22941781 0.003691
1103 27.98379772 0.003779
1103 27.98379772 0.003779
1103 28.12675054 0.003779
1103 28.12675054 0.003779
1104 28.3163274 0.003868
1104 28.3163274 0.003868
1105 28.76257516 0.003952
1105 28.76257516 0.003952
1106 28.75189534 0.004019
1106 28.75189534 0.004019
1107 28.94937693 0.00407
1107 28.94937693 0.00407
1107 29.59350955 0.00407
1107 29.59350955 0.00407
1108 29.22888327 0.004111
1108 29.22888327 0.004111
1109 30.29555204 0.004157
1109 30.29555204 0.004157
1110 30.03207754 0.004229
1110 30.03207754 0.004229
1111 30.20138209 0.004314
1111 30.20138209 0.004314
1111 30.34867616 0.004314
1111 30.34867616 0.004314
1112 30.99151396 0.004419
1112 30.99151396 0.004419
1113 31.29818331 0.00454
1113 31.29818331 0.00454
1114 31.60995926 0.004666
1114 31.60995926 0.004666
1115 31.9231183 0.004796
1115 31.9231183 0.004796
1116 32.29461374 0.004927
1116 32.29461374 0.004927
1117 32.17683096 0.005063
1117 32.17683096 0.005063
1118 33.16294123 0.005201
1118 33.16294123 0.005201
1119 32.86007523 0.005337
1119 32.86007523 0.005337
1119 33.44319526 0.005337
1119 33.44319526 0.005337
1120 33.7921119 0.005479
1120 33.7921119 0.005479
1121 34.04691644 0.005625
1121 34.04691644 0.005625
1122 34.38278993 0.005765
1122 34.38278993 0.005765
1123 34.86866922 0.005889
1123 34.86866922 0.005889
1124 35.02027825 0.005996
1124 35.02027825 0.005996
1125 35.31396572 0.006091
1125 35.31396572 0.006091
1126 35.72089697 0.006182
1126 35.72089697 0.006182
1127 36.12609168 0.006262
1127 36.12609168 0.006262
1128 36.53727984 0.006323
1128 36.53727984 0.006323
1129 36.54833207 0.006371
1129 36.54833207 0.006371
1130 37.11406044 0.006439
1130 37.11406044 0.006439
1131 37.24482579 0.006515
1131 37.24482579 0.006515
1132 37.77616183 0.006603
1132 37.77616183 0.006603
1134 38.27182456 0.006837
1134 38.27182456 0.006837
1135 38.02357824 0.006967
1135 38.02357824 0.006967
1136 38.82730134 0.007089
1136 38.82730134 0.007089
1137 39.13425564 0.007212
1137 39.13425564 0.007212
1138 39.33009823 0.007339
1138 39.33009823 0.007339
1139 40.08384557 0.00746
1139 40.08384557 0.00746
1140 40.16543644 0.007582
1140 40.16543644 0.007582
1141 40.40713163 0.007693
1141 40.40713163 0.007693
1142 40.64442153 0.007779
1142 40.64442153 0.007779
1143 41.39597795 0.007845
1143 41.39597795 0.007845
1145 41.23048439 0.007946
1145 41.23048439 0.007946
1146 41.72170749 0.007986
1146 41.72170749 0.007986
1147 42.15547406 0.008012
1147 42.15547406 0.008012
1148 42.27995771 0.008016
1148 42.27995771 0.008016
1149 42.74133486 0.007996
1149 42.74133486 0.007996
1150 43.01117406 0.007988
1150 43.01117406 0.007988
1152 43.34467101 0.008005
1152 43.34467101 0.008005
1153 43.94889378 0.008037
1153 43.94889378 0.008037
1154 44.11713206 0.008072
1154 44.11713206 0.008072
1155 44.40376868 0.008118
1155 44.40376868 0.008118
1156 44.76516114 0.008182
1156 44.76516114 0.008182
1158 45.13888445 0.008329
1158 45.13888445 0.008329
1159 45.54151785 0.008401
1159 45.54151785 0.008401
1160 45.66848812 0.008472
1160 45.66848812 0.008472
1161 46.28288517 0.008523
1161 46.28288517 0.008523
1162 46.68001956 0.008562
1162 46.68001956 0.008562
1164 46.90264744 0.008619
1164 46.90264744 0.008619
1165 47.12447724 0.008619
1165 47.12447724 0.008619
1166 47.52313431 0.008604
1166 47.52313431 0.008604
1167 48.01918619 0.008576
1167 48.01918619 0.008576
1169 48.19199825 0.008456
1169 48.19199825 0.008456
1170 48.62530628 0.008406
1170 48.62530628 0.008406
1171 49.08953166 0.008381
1171 49.08953166 0.008381
1172 49.15424719 0.00838
1172 49.15424719 0.00838
1174 49.86524325 0.008407
1174 49.86524325 0.008407
1175 49.68249747 0.008424
1175 49.68249747 0.008424
1176 50.20958174 0.00845
1176 50.20958174 0.00845
1177 50.61609478 0.008493
1177 50.61609478 0.008493
1179 50.90189223 0.008617
1179 50.90189223 0.008617
1180 51.3179718 0.008689
1180 51.3179718 0.008689
1181 51.33401753 0.008748
1181 51.33401753 0.008748
1183 51.97164299 0.008823
1183 51.97164299 0.008823
1184 52.16484499 0.008823
1184 52.16484499 0.008823
1185 52.60003362 0.008802
1185 52.60003362 0.008802
1187 52.88600912 0.008725
1187 52.88600912 0.008725
1188 53.27634276 0.008669
1188 53.27634276 0.008669
1189 53.53108161 0.008603
1189 53.53108161 0.008603
1190 53.729639 0.008549
1190 53.729639 0.008549
1192 54.07073314 0.00845
1192 54.07073314 0.00845
1193 54.3739543 0.008409
1193 54.3739543 0.008409
1194 54.5653986 0.008376
1194 54.5653986 0.008376
1196 55.08803064 0.008333
1196 55.08803064 0.008333
1197 55.15895352 0.008315
1197 55.15895352 0.008315
1198 55.78449687 0.00829
1198 55.78449687 0.00829
1200 55.88649854 0.008253
1200 55.88649854 0.008253
1201 56.30295081 0.008229
1201 56.30295081 0.008229
1202 56.50549995 0.008195
1202 56.50549995 0.008195
1204 56.97051359 0.008072
1204 56.97051359 0.008072
1205 57.09798877 0.007984
1205 57.09798877 0.007984
1206 57.34546729 0.00788
1206 57.34546729 0.00788
1208 57.84659815 0.007641
1208 57.84659815 0.007641
1209 57.9847897 0.007511
1209 57.9847897 0.007511
1210 58.07376242 0.007384
1210 58.07376242 0.007384
1212 58.8571846 0.007113
1212 58.8571846 0.007113
1213 58.97777678 0.006968
1213 58.97777678 0.006968
1214 59.21977134 0.006829
1214 59.21977134 0.006829
1216 59.52465237 0.006555
1216 59.52465237 0.006555
1217 60.09793557 0.006418
1217 60.09793557 0.006418
1218 60.21351918 0.006284
1218 60.21351918 0.006284
1220 60.68990099 0.006051
1220 60.68990099 0.006051
1221 60.95750315 0.005923
1221 60.95750315 0.005923
1223 61.22215708 0.005643
1223 61.22215708 0.005643
1224 61.56874883 0.005486
1224 61.56874883 0.005486
1225 61.99642627 0.005323
1225 61.99642627 0.005323
1227 62.21729299 0.004967
1227 62.21729299 0.004967
1228 62.39530543 0.004774
1228 62.39530543 0.004774
1230 62.64915911 0.004394
1230 62.64915911 0.004394
1231 62.71846681 0.004211
1231 62.71846681 0.004211
1232 62.90512417 0.004033
1232 62.90512417 0.004033
1234 63.13976075 0.003683
1234 63.13976075 0.003683
1235 63.34625776 0.003519
1235 63.34625776 0.003519
1237 63.4291291 0.003224
1237 63.4291291 0.003224
1238 63.55818033 0.003088
1238 63.55818033 0.003088
1240 64.03583973 0.002862
1240 64.03583973 0.002862
1241 64.231994 0.002754
1241 64.231994 0.002754
1242 64.32722096 0.00264
1242 64.32722096 0.00264
1244 64.53307441 0.002398
1244 64.53307441 0.002398
1245 64.71984282 0.002277
1245 64.71984282 0.002277
1247 64.9832252 0.00204
1247 64.9832252 0.00204
1248 65.21236869 0.001919
1248 65.21236869 0.001919
1250 65.21895784 0.00168
1250 65.21895784 0.00168
1251 65.64299163 0.001565
1251 65.64299163 0.001565
1252 65.4651231 0.001452
1252 65.4651231 0.001452
1254 65.72421535 0.001232
1254 65.72421535 0.001232
1255 65.78238747 0.001138
1255 65.78238747 0.001138
1257 65.99289001 0.000976
1257 65.99289001 0.000976
1258 66.25286705 0.000911
1258 66.25286705 0.000911
1260 66.38426863 0.000823
1260 66.38426863 0.000823
1261 66.50898583 0.000782
1261 66.50898583 0.000782
1263 66.73901028 0.000684
1263 66.73901028 0.000684
1264 66.68796582 0.000633
1264 66.68796582 0.000633
1266 66.62004856 0.000526
1266 66.62004856 0.000526
1267 66.61862699 0.000467
1267 66.61862699 0.000467
1269 66.45649151 0.000359
1269 66.45649151 0.000359
1270 66.6309301 0.000311
1270 66.6309301 0.000311
1272 66.306038 0.000212
1272 66.306038 0.000212
1273 66.3473368 0.000161
1273 66.3473368 0.000161
1275 66.18114847 7.6e-05
1275 66.18114847 7.6e-05
1276 65.94197189 3.7e-05
1276 65.94197189 3.7e-05
1278 65.87602769 -3.5e-05
1278 65.87602769 -3.5e-05
1279 65.73344866 -6.8e-05
1279 65.73344866 -6.8e-05
1281 65.80908284 -0.000129
1281 65.80908284 -0.000129
1282 65.44300741 -0.000165
1282 65.44300741 -0.000165
1283 65.39394561 -0.000197
1283 65.39394561 -0.000197
1285 65.06974074 -0.000239
1285 65.06974074 -0.000239
1286 65.32571096 -0.000262
1286 65.32571096 -0.000262
1288 65.04865296 -0.000309
1288 65.04865296 -0.000309
1289 65.34422086 -0.000334
1289 65.34422086 -0.000334
1291 65.23992003 -0.000378
1291 65.23992003 -0.000378
1292 65.37268037 -0.000392
1292 65.37268037 -0.000392
1294 65.30167366 -0.000423
1294 65.30167366 -0.000423
1295 65.52719429 -0.000429
1295 65.52719429 -0.000429
1297 65.27552792 -0.000429
1297 65.27552792 -0.000429
1298 65.28405035 -0.000425
1298 65.28405035 -0.000425
1300 65.41309891 -0.000412
1300 65.41309891 -0.000412
1301 65.45622159 -0.0004
1301 65.45622159 -0.0004
1302 65.70862486 -0.000387
1302 65.70862486 -0.000387
1304 65.94295448 -0.000354
1304 65.94295448 -0.000354
1305 65.93913066 -0.000331
1305 65.93913066 -0.000331
1307 65.92672845 -0.000299
1307 65.92672845 -0.000299
1308 66.53871404 -0.000285
1308 66.53871404 -0.000285
1310 66.41673192 -0.000238
1310 66.41673192 -0.000238
1311 66.8898821 -0.00021
1311 66.8898821 -0.00021
1313 66.80259906 -0.00015
1313 66.80259906 -0.00015
1314 66.66628798 -0.000112
1314 66.66628798 -0.000112
1316 66.93519685 -2.1e-05
1316 66.93519685 -2.1e-05
1317 66.94375159 2.2e-05
1317 66.94375159 2.2e-05
1319 66.97480494 0.000102
1319 66.97480494 0.000102
1321 67.17345435 0.00017
1321 67.17345435 0.00017
1322 66.89996702 0.000199
1322 66.89996702 0.000199
1324 67.16320096 0.000271
1324 67.16320096 0.000271
1325 66.80716318 0.000316
1325 66.80716318 0.000316
1327 66.89854188 0.000396
1327 66.89854188 0.000396
1328 66.66135283 0.000436
1328 66.66135283 0.000436
1330 66.76571189 0.000515
1330 66.76571189 0.000515
1332 66.45339917 0.000642
1332 66.45339917 0.000642
1333 66.4492864 0.00073
1333 66.4492864 0.00073
1335 66.41485637 0.000931
1335 66.41485637 0.000931
1336 66.51922775 0.001035
1336 66.51922775 0.001035
1338 65.8420536 0.001269
1338 65.8420536 0.001269
1340 66.02590086 0.001518
1340 66.02590086 0.001518
1341 65.89806094 0.001638
1341 65.89806094 0.001638
1343 65.83872702 0.001883
1343 65.83872702 0.001883
1344 65.74104253 0.002008
1344 65.74104253 0.002008
1346 65.58355734 0.002241
1346 65.58355734 0.002241
1348 65.52865535 0.002476
1348 65.52865535 0.002476
1349 65.8036274 0.002588
1349 65.8036274 0.002588
1351 65.70576154 0.002926
1351 65.70576154 0.002926
1353 65.69168166 0.003415
1353 65.69168166 0.003415
1354 65.66356619 0.003703
1354 65.66356619 0.003703
1356 65.6576078 0.00433
1356 65.6576078 0.00433
1358 65.82108948 0.00503
1358 65.82108948 0.00503
1359 65.91383568 0.005394
1359 65.91383568 0.005394
1361 65.85005713 0.00612
1361 65.85005713 0.00612
1363 65.92112319 0.006851
1363 65.92112319 0.006851
1365 66.02182138 0.007566
1365 66.02182138 0.007566
1366 66.33093923 0.007902
1366 66.33093923 0.007902
1368 66.40258869 0.008526
1368 66.40258869 0.008526
1370 66.36229035 0.009139
1370 66.36229035 0.009139
1372 66.62208557 0.009883
1372 66.62208557 0.009883
1373 66.71719798 0.010289
1373 66.71719798 0.010289
1375 66.98918681 0.011152
1375 66.98918681 0.011152
1377 66.78075847 0.012031
1377 66.78075847 0.012031
1379 67.08351129 0.012917
1379 67.08351129 0.012917
1380 67.36342742 0.013339
1380 67.36342742 0.013339
1382 67.45604207 0.014117
1382 67.45604207 0.014117
1384 67.20280926 0.014805
1384 67.20280926 0.014805
1386 67.43855699 0.015347
1386 67.43855699 0.015347
1388 67.82160135 0.015732
1388 67.82160135 0.015732
1390 67.91234515 0.016022
1390 67.91234515 0.016022
1391 68.14048862 0.016194
1391 68.14048862 0.016194
1393 67.86628014 0.016545
1393 67.86628014 0.016545
1395 68.58341739 0.016904
1395 68.58341739 0.016904
1397 68.24975586 0.017227
1397 68.24975586 0.017227
1399 68.10401886 0.01754
1399 68.10401886 0.01754
1401 68.35440123 0.017791
1401 68.35440123 0.017791
1403 68.27612411 0.017902
1403 68.27612411 0.017902
1405 68.32052575 0.017865
1405 68.32052575 0.017865
1407 68.62158708 0.017672
1407 68.62158708 0.017672
1409 68.71373127 0.017344
1409 68.71373127 0.017344
1410 68.63636306 0.017138
1410 68.63636306 0.017138
1412 68.44713474 0.016697
1412 68.44713474 0.016697
1414 68.877439 0.016226
1414 68.877439 0.016226
1416 68.71941368 0.015726
1416 68.71941368 0.015726
1418 68.85972193 0.015194
1418 68.85972193 0.015194
1420 68.99300143 0.014671
1420 68.99300143 0.014671
1422 68.93604106 0.014035
1422 68.93604106 0.014035
1424 68.84315607 0.013266
1424 68.84315607 0.013266
1426 68.80721567 0.01241
1426 68.80721567 0.01241
1427 69.31017793 0.011956
1427 69.31017793 0.011956
1429 69.59347495 0.010997
1429 69.59347495 0.010997
1431 69.18219931 0.010023
1431 69.18219931 0.010023
1433 69.36533445 0.009059
1433 69.36533445 0.009059
1435 69.47657295 0.008135
1435 69.47657295 0.008135
1436 69.74262358 0.007702
1436 69.74262358 0.007702
1438 69.93584725 0.006909
1438 69.93584725 0.006909
1440 70.00592477 0.006232
1440 70.00592477 0.006232
1442 70.06264555 0.00555
1442 70.06264555 0.00555
1443 70.27369988 0.005201
1443 70.27369988 0.005201
1445 70.34473291 0.004497
1445 70.34473291 0.004497
1447 70.57752453 0.003783
1447 70.57752453 0.003783
1449 70.86763392 0.003092
1449 70.86763392 0.003092
1450 71.00978873 0.002763
1450 71.00978873 0.002763
1452 71.06551911 0.002158
1452 71.06551911 0.002158
1454 71.04761344 0.001619
1454 71.04761344 0.001619
1455 70.85331563 0.001386
1455 70.85331563 0.001386
1457 71.21019701 0.000994
1457 71.21019701 0.000994
1459 71.0684475 0.000736
1459 71.0684475 0.000736
1460 71.30059515 0.000661
1460 71.30059515 0.000661
1462 71.5245768 0.000505
1462 71.5245768 0.000505
1464 71.49562445 0.000359
1464 71.49562445 0.000359
1465 71.83805804 0.000283
1465 71.83805804 0.000283
1467 71.80623342 0.000139
1467 71.80623342 0.000139
1469 72.52737975 -8e-06
1469 72.52737975 -8e-06
1470 72.5294723 -8.1e-05
1470 72.5294723 -8.1e-05
1472 72.7488877 -0.000208
1472 72.7488877 -0.000208
1474 72.80335715 -0.000323
1474 72.80335715 -0.000323
1475 73.25851837 -0.000376
1475 73.25851837 -0.000376
1477 73.51395036 -0.000463
1477 73.51395036 -0.000463
1479 73.87056424 -0.000511
1479 73.87056424 -0.000511
1480 74.20614224 -0.000523
1480 74.20614224 -0.000523
1482 74.00133474 -0.00054
1482 74.00133474 -0.00054
1484 74.50508772 -0.000553
1484 74.50508772 -0.000553
1485 74.6655318 -0.000562
1485 74.6655318 -0.000562
1487 74.90049775 -0.000581
1487 74.90049775 -0.000581
1489 75.25001669 -0.000591
1489 75.25001669 -0.000591
1490 75.41682697 -0.000595
1490 75.41682697 -0.000595
1492 75.74540593 -0.000595
1492 75.74540593 -0.000595
1494 76.0551339 -0.000584
1494 76.0551339 -0.000584
1495 76.03294342 -0.000577
1495 76.03294342 -0.000577
1497 76.50180823 -0.000566
1497 76.50180823 -0.000566
1499 76.40557351 -0.000552
1499 76.40557351 -0.000552
1500 76.3002363 -0.000538
1500 76.3002363 -0.000538
1502 76.46888164 -0.000504
1502 76.46888164 -0.000504
1504 75.82051697 -0.000456
1504 75.82051697 -0.000456
1505 75.99881655 -0.000429
1505 75.99881655 -0.000429
1507 75.64229409 -0.000385
1507 75.64229409 -0.000385
1509 75.01179211 -0.000345
1509 75.01179211 -0.000345
1510 74.17380273 -0.000338
1510 74.17380273 -0.000338
1512 73.47748462 -0.000343
1512 73.47748462 -0.000343
1514 71.93058368 -0.000381
1514 71.93058368 -0.000381
1515 70.95548124 -0.000418
1515 70.95548124 -0.000418
1517 69.55686523 -0.000511
1517 69.55686523 -0.000511
1518 68.16549291 -0.000563
1518 68.16549291 -0.000563
1520 66.71729917 -0.000704
1520 66.71729917 -0.000704
1521 65.79261589 -0.000791
1521 65.79261589 -0.000791
1523 64.82915018 -0.000978
1523 64.82915018 -0.000978
1524 63.8526188 -0.001077
1524 63.8526188 -0.001077
1526 62.99029453 -0.001296
1526 62.99029453 -0.001296
1527 62.18582751 -0.001407
1527 62.18582751 -0.001407
1529 61.55948402 -0.001647
1529 61.55948402 -0.001647
1531 60.17895478 -0.002053
1531 60.17895478 -0.002053
1532 59.71331498 -0.002336
1532 59.71331498 -0.002336
1534 58.59914132 -0.003084
1534 58.59914132 -0.003084
1535 58.30445952 -0.003534
1535 58.30445952 -0.003534
1537 56.83911469 -0.004615
1537 56.83911469 -0.004615
1538 56.1938649 -0.00525
1538 56.1938649 -0.00525
1540 55.5550147 -0.006694
1540 55.5550147 -0.006694
1541 54.43071148 -0.007512
1541 54.43071148 -0.007512
1543 54.15346345 -0.009312
1543 54.15346345 -0.009312
1545 53.12194425 -0.011359
1545 53.12194425 -0.011359
1546 52.71643375 -0.012466
1546 52.71643375 -0.012466
1548 51.87516744 -0.014833
1548 51.87516744 -0.014833
1549 51.33875546 -0.016104
1549 51.33875546 -0.016104
1551 51.11746792 -0.019018
1551 51.11746792 -0.019018
1553 51.06078086 -0.022495
1553 51.06078086 -0.022495
1555 50.64263004 -0.026546
1555 50.64263004 -0.026546
1556 50.5446171 -0.028792
1556 50.5446171 -0.028792
1558 50.43496389 -0.033737
1558 50.43496389 -0.033737
1560 50.01596362 -0.039292
1560 50.01596362 -0.039292
1563 49.94542566 -0.048683
1563 49.94542566 -0.048683
1565 49.49984412 -0.05539
1565 49.49984412 -0.05539
1568 49.10416706 -0.065473
1568 49.10416706 -0.065473
1571 48.82195226 -0.074662
1571 48.82195226 -0.074662
1575 48.70861514 -0.084128
1575 48.70861514 -0.084128
1578 48.60697283 -0.087452
1578 48.60697283 -0.087452
1582 48.27245217 -0.085845
1582 48.27245217 -0.085845
1586 48.10116538 -0.076929
1586 48.10116538 -0.076929
1589 47.74361902 -0.067171
1589 47.74361902 -0.067171
1592 47.47706876 -0.056523
1592 47.47706876 -0.056523
1594 47.24058042 -0.049665
1594 47.24058042 -0.049665
1597 46.8279327 -0.040504
1597 46.8279327 -0.040504
1599 46.63901988 -0.035447
1599 46.63901988 -0.035447
1601 46.41640128 -0.030927
1601 46.41640128 -0.030927
1603 46.29030113 -0.026497
1603 46.29030113 -0.026497
1605 46.27246301 -0.022293
1605 46.27246301 -0.022293
1607 46.05847777 -0.018352
1607 46.05847777 -0.018352
1609 46.15890997 -0.014819
1609 46.15890997 -0.014819
1611 45.92608928 -0.011824
1611 45.92608928 -0.011824
1613 46.22368308 -0.009251
1613 46.22368308 -0.009251
1615 46.21241638 -0.007181
1615 46.21241638 -0.007181
1617 46.28858605 -0.005599
1617 46.28858605 -0.005599
1619 46.47360784 -0.004578
1619 46.47360784 -0.004578
1621 46.65623677 -0.004003
1621 46.65623677 -0.004003
1622 46.75093013 -0.003699
1622 46.75093013 -0.003699
1624 46.86054766 -0.003131
1624 46.86054766 -0.003131
1626 46.78492095 -0.002596
1626 46.78492095 -0.002596
1628 47.09325364 -0.002054
1628 47.09325364 -0.002054
1629 47.61841962 -0.001802
1629 47.61841962 -0.001802
1631 47.65357599 -0.001308
1631 47.65357599 -0.001308
1633 48.05778292 -0.000918
1633 48.05778292 -0.000918
1635 48.49653047 -0.000555
1635 48.49653047 -0.000555
1636 48.6007848 -0.000397
1636 48.6007848 -0.000397
1638 49.04941854 -0.000179
1638 49.04941854 -0.000179
1640 49.21535598 -1.9e-05
1640 49.21535598 -1.9e-05
1642 49.57430695 0.000114
1642 49.57430695 0.000114
1643 49.79950532 0.00016
1643 49.79950532 0.00016
1645 49.84843511 0.000266
1645 49.84843511 0.000266
1647 50.58296463 0.000372
1647 50.58296463 0.000372
1648 50.7422404 0.000419
1648 50.7422404 0.000419
1650 51.01719479 0.00051
1650 51.01719479 0.00051
1652 51.38474869 0.00059
1652 51.38474869 0.00059
1653 51.59558717 0.000625
1653 51.59558717 0.000625
1655 51.85868322 0.000723
1655 51.85868322 0.000723
1657 52.14252601 0.000839
1657 52.14252601 0.000839
1658 52.75366259 0.000884
1658 52.75366259 0.000884
1660 52.73336197 0.000946
1660 52.73336197 0.000946
1662 53.2056842 0.001001
1662 53.2056842 0.001001
1663 53.31206832 0.001017
1663 53.31206832 0.001017
1665 53.72660895 0.001058
1665 53.72660895 0.001058
1666 53.97468635 0.001082
1666 53.97468635 0.001082
1668 54.25524335 0.001126
1668 54.25524335 0.001126
1670 54.51388036 0.001178
1670 54.51388036 0.001178
1671 54.94774018 0.001206
1671 54.94774018 0.001206
1673 55.34148049 0.001261
1673 55.34148049 0.001261
1675 55.32763862 0.001312
1675 55.32763862 0.001312
1676 55.73568185 0.001343
1676 55.73568185 0.001343
1678 55.95938291 0.00139
1678 55.95938291 0.00139
1680 56.24623494 0.001444
1680 56.24623494 0.001444
1681 56.5008638 0.001477
1681 56.5008638 0.001477
1683 56.75767599 0.00154
1683 56.75767599 0.00154
1684 57.2688007 0.001551
1684 57.2688007 0.001551
1686 57.55869562 0.001561
1686 57.55869562 0.001561
1688 57.81628314 0.001553
1688 57.81628314 0.001553
1689 58.02789299 0.001547
1689 58.02789299 0.001547
1691 58.27635168 0.001568
1691 58.27635168 0.001568
1693 58.71028304 0.001617
1693 58.71028304 0.001617
1694 58.97033439 0.001629
1694 58.97033439 0.001629
1696 59.31368384 0.001659
1696 59.31368384 0.001659
1698 59.66372186 0.001687
1698 59.66372186 0.001687
1699 59.89610416 0.001705
1699 59.89610416 0.001705
1701 60.18947026 0.001746
1701 60.18947026 0.001746
1703 60.63778088 0.001775
1703 60.63778088 0.001775
1704 60.74397012 0.001786
1704 60.74397012 0.001786
1706 61.23852104 0.001779
1706 61.23852104 0.001779
1707 61.30879516 0.001777
1707 61.30879516 0.001777
1709 61.63899781 0.001778
1709 61.63899781 0.001778
1711 61.9337181 0.001761
1711 61.9337181 0.001761
1712 62.45783852 0.001752
1712 62.45783852 0.001752
1714 62.78445902 0.001758
1714 62.78445902 0.001758
1716 62.78396872 0.001756
1716 62.78396872 0.001756
1717 63.56331461 0.001766
1717 63.56331461 0.001766
1719 63.62255259 0.001785
1719 63.62255259 0.001785
1721 63.90035341 0.001783
1721 63.90035341 0.001783
1722 64.08775992 0.001783
1722 64.08775992 0.001783
1724 64.80610356 0.001784
1724 64.80610356 0.001784
1725 65.07025174 0.001768
1725 65.07025174 0.001768
1727 65.39217239 0.001728
1727 65.39217239 0.001728
1729 65.51499867 0.001675
1729 65.51499867 0.001675
1730 66.08553246 0.00165
1730 66.08553246 0.00165
1732 66.32285994 0.001608
1732 66.32285994 0.001608
1734 66.50337548 0.001573
1734 66.50337548 0.001573
1735 66.72270861 0.001544
1735 66.72270861 0.001544
1737 67.43689521 0.00148
1737 67.43689521 0.00148
1739 67.45225788 0.001433
1739 67.45225788 0.001433
1740 67.97311517 0.001415
1740 67.97311517 0.001415
1742 68.0457688 0.001372
1742 68.0457688 0.001372
1744 68.67336719 0.001312
1744 68.67336719 0.001312
1745 68.71217511 0.001276
1745 68.71217511 0.001276
1747 69.25982733 0.001217
1747 69.25982733 0.001217
1749 69.31025865 0.001155
1749 69.31025865 0.001155
1750 70.00651041 0.001124
1750 70.00651041 0.001124
1752 70.09939925 0.001061
1752 70.09939925 0.001061
1754 70.41532291 0.001005
1754 70.41532291 0.001005
1755 70.69815812 0.000994
1755 70.69815812 0.000994
1757 71.06385836 0.000987
1757 71.06385836 0.000987
1759 71.55766353 0.000986
1759 71.55766353 0.000986
1760 71.45305676 0.000988
1760 71.45305676 0.000988
1762 72.11186119 0.000977
1762 72.11186119 0.000977
1764 72.38216282 0.000957
1764 72.38216282 0.000957
1766 72.69065962 0.000959
1766 72.69065962 0.000959
1767 73.16993239 0.000957
1767 73.16993239 0.000957
1769 73.43175824 0.000941
1769 73.43175824 0.000941
1771 73.63942426 0.000934
1771 73.63942426 0.000934
1773 74.09868594 0.000938
1773 74.09868594 0.000938
1774 74.09298367 0.000938
1774 74.09298367 0.000938
1776 74.28857911 0.000953
1776 74.28857911 0.000953
1778 74.11536179 0.00099
1778 74.11536179 0.00099
1780 74.09209215 0.001037
1780 74.09209215 0.001037
1782 74.16092082 0.001096
1782 74.16092082 0.001096
1783 73.90673249 0.001124
1783 73.90673249 0.001124
1785 73.89080031 0.001151
1785 73.89080031 0.001151
1787 73.83385744 0.001179
1787 73.83385744 0.001179
1789 73.78812185 0.001196
1789 73.78812185 0.001196
1790 73.27743996 0.001223
1790 73.27743996 0.001223
1792 73.42717395 0.001335
1792 73.42717395 0.001335
1794 73.42688138 0.001501
1794 73.42688138 0.001501
1796 73.22222864 0.001715
1796 73.22222864 0.001715
1798 73.00334265 0.001964
1798 73.00334265 0.001964
1799 72.79825201 0.002096
1799 72.79825201 0.002096
1801 72.5904073 0.002392
1801 72.5904073 0.002392
1803 72.40584604 0.002677
1803 72.40584604 0.002677
1805 72.61583187 0.002967
1805 72.61583187 0.002967
1807 72.10517657 0.003271
1807 72.10517657 0.003271
1808 72.28264611 0.003412
1808 72.28264611 0.003412
1810 71.86194204 0.003703
1810 71.86194204 0.003703
1812 71.8870919 0.004105
1812 71.8870919 0.004105
1814 72.09837974 0.004603
1814 72.09837974 0.004603
1816 71.85174309 0.005172
1816 71.85174309 0.005172
1817 71.6480249 0.005483
1817 71.6480249 0.005483
1819 71.99379056 0.006112
1819 71.99379056 0.006112
1821 72.30714839 0.006735
1821 72.30714839 0.006735
1823 72.07889135 0.007351
1823 72.07889135 0.007351
1825 72.25355249 0.00791
1825 72.25355249 0.00791
1826 72.3604163 0.008158
1826 72.3604163 0.008158
1828 72.52992997 0.008609
1828 72.52992997 0.008609
1830 72.73237193 0.009017
1830 72.73237193 0.009017
1832 72.75339174 0.009504
1832 72.75339174 0.009504
1834 73.0869782 0.010031
1834 73.0869782 0.010031
1836 73.45957723 0.010551
1836 73.45957723 0.010551
1838 73.42667755 0.01105
1838 73.42667755 0.01105
1840 73.3659744 0.011516
1840 73.3659744 0.011516
1841 73.75038141 0.011714
1841 73.75038141 0.011714
1843 73.92475096 0.012027
1843 73.92475096 0.012027
1845 73.93840236 0.01224
1845 73.93840236 0.01224
1847 74.09549587 0.012353
1847 74.09549587 0.012353
1849 74.18401545 0.01235
1849 74.18401545 0.01235
1851 74.30656755 0.012364
1851 74.30656755 0.012364
1853 74.59677945 0.012414
1853 74.59677945 0.012414
1855 74.51156102 0.012489
1855 74.51156102 0.012489
1857 74.80283603 0.012595
1857 74.80283603 0.012595
1859 74.55097348 0.012722
1859 74.55097348 0.012722
1861 74.89383607 0.012821
1861 74.89383607 0.012821
1862 75.0276671 0.012836
1862 75.0276671 0.012836
1864 75.24878912 0.012792
1864 75.24878912 0.012792
1866 75.33127345 0.01266
1866 75.33127345 0.01266
1868 75.12249865 0.012436
1868 75.12249865 0.012436
1870 75.51733105 0.012184
1870 75.51733105 0.012184
1872 75.66748224 0.01201
1872 75.66748224 0.01201
1874 75.89788936 0.011919
1874 75.89788936 0.011919
1876 75.74031733 0.011893
1876 75.74031733 0.011893
1878 75.81403048 0.011928
1878 75.81403048 0.011928
1879 75.80847956 0.011967
1879 75.80847956 0.011967
1881 75.92017143 0.012083
1881 75.92017143 0.012083
1883 75.83143403 0.012121
1883 75.83143403 0.012121
1885 75.38022105 0.012063
1885 75.38022105 0.012063
1887 75.56602449 0.011926
1887 75.56602449 0.011926
1889 75.14820976 0.011698
1889 75.14820976 0.011698
1891 75.10334333 0.011503
1891 75.10334333 0.011503
1892 74.97980049 0.011428
1892 74.97980049 0.011428
1894 75.21807271 0.011307
1894 75.21807271 0.011307
1896 75.44664552 0.011252
1896 75.44664552 0.011252
1898 75.2049154 0.011248
1898 75.2049154 0.011248
1900 75.1846404 0.011311
1900 75.1846404 0.011311
1901 75.46323166 0.011326
1901 75.46323166 0.011326
1903 75.19952348 0.011287
1903 75.19952348 0.011287
1905 75.43359404 0.011167
1905 75.43359404 0.011167
1907 75.46070238 0.010961
1907 75.46070238 0.010961
1909 75.0631195 0.010686
1909 75.0631195 0.010686
1910 75.22706746 0.010548
1910 75.22706746 0.010548
1912 75.39494215 0.010298
1912 75.39494215 0.010298
1914 75.41929105 0.010085
1914 75.41929105 0.010085
1916 75.67436467 0.009914
1916 75.67436467 0.009914
1917 75.69811931 0.009844
1917 75.69811931 0.009844
1919 75.88770429 0.009756
1919 75.88770429 0.009756
1921 76.09871659 0.009703
1921 76.09871659 0.009703
1923 76.05521327 0.009578
1923 76.05521327 0.009578
1924 75.88441107 0.009498
1924 75.88441107 0.009498
1926 75.57785732 0.009294
1926 75.57785732 0.009294
1928 75.65875963 0.009027
1928 75.65875963 0.009027
1930 75.45473348 0.00875
1930 75.45473348 0.00875
1932 75.47138828 0.008564
1932 75.47138828 0.008564
1933 74.96192454 0.008495
1933 74.96192454 0.008495
1935 74.89087823 0.008417
1935 74.89087823 0.008417
1937 74.93092019 0.008413
1937 74.93092019 0.008413
1938 74.50411464 0.008452
1938 74.50411464 0.008452
1940 74.82621157 0.008601
1940 74.82621157 0.008601
1942 74.57431137 0.008737
1942 74.57431137 0.008737
1944 74.36591983 0.008836
1944 74.36591983 0.008836
1945 74.76666387 0.008863
1945 74.76666387 0.008863
1947 74.82064892 0.008886
1947 74.82064892 0.008886
1949 74.84645678 0.00886
1949 74.84645678 0.00886
1951 74.83692011 0.008918
1951 74.83692011 0.008918
1953 75.16440533 0.009094
1953 75.16440533 0.009094
1954 75.42752824 0.009227
1954 75.42752824 0.009227
1956 75.15295156 0.009577
1956 75.15295156 0.009577
1958 75.45873645 0.010037
1958 75.45873645 0.010037
1960 75.30983838 0.010613
1960 75.30983838 0.010613
1962 75.51835642 0.011186
1962 75.51835642 0.011186
1964 75.52503896 0.0117
1964 75.52503896 0.0117
1966 75.66411827 0.012147
1966 75.66411827 0.012147
1968 75.64311535 0.012521
1968 75.64311535 0.012521
1970 75.70909558 0.012831
1970 75.70909558 0.012831
1972 76.115481 0.013243
1972 76.115481 0.013243
1974 75.71908365 0.013765
1974 75.71908365 0.013765
1976 75.77492598 0.014363
1976 75.77492598 0.014363
1978 75.47150625 0.015038
1978 75.47150625 0.015038
1980 75.46297589 0.015777
1980 75.46297589 0.015777
1982 75.36705815 0.01644
1982 75.36705815 0.01644
1984 75.38460007 0.017001
1984 75.38460007 0.017001
1986 75.06974866 0.017419
1986 75.06974866 0.017419
1988 75.11115202 0.017708
1988 75.11115202 0.017708
1990 75.02728054 0.017883
1990 75.02728054 0.017883
1992 74.42990282 0.018085
1992 74.42990282 0.018085
1995 74.77250894 0.018427
1995 74.77250894 0.018427
1997 74.30936645 0.018688
1997 74.30936645 0.018688
1999 74.09170022 0.018996
1999 74.09170022 0.018996
2001 74.06005343 0.019253
2001 74.06005343 0.019253
2003 73.92685156 0.019342
2003 73.92685156 0.019342
2005 73.50397713 0.0193
2005 73.50397713 0.0193
2008 73.49851789 0.01892
2008 73.49851789 0.01892
2010 73.02094977 0.018527
2010 73.02094977 0.018527
2012 73.00593303 0.018228
2012 73.00593303 0.018228
2014 72.65242879 0.018002
2014 72.65242879 0.018002
2016 72.46280954 0.017876
2016 72.46280954 0.017876
2018 72.7546288 0.017864
2018 72.7546288 0.017864
2020 72.36023232 0.017954
2020 72.36023232 0.017954
2022 72.13397927 0.017966
2022 72.13397927 0.017966
2024 72.17493279 0.017843
2024 72.17493279 0.017843
2026 71.86006462 0.017602
2026 71.86006462 0.017602
2028 71.72621565 0.017261
2028 71.72621565 0.017261
2030 71.75102179 0.016819
2030 71.75102179 0.016819
2032 71.84047944 0.016342
2032 71.84047944 0.016342
2034 71.87888782 0.015871
2034 71.87888782 0.015871
2036 71.81223204 0.015401
2036 71.81223204 0.015401
2038 72.14958097 0.014942
2038 72.14958097 0.014942
2040 71.836747 0.014554
2040 71.836747 0.014554
2042 71.83777774 0.014095
2042 71.83777774 0.014095
2044 71.99611732 0.01346
2044 71.99611732 0.01346
2046 72.13580777 0.012693
2046 72.13580777 0.012693
2048 71.94573358 0.011854
2048 71.94573358 0.011854
2050 72.0805023 0.010926
2050 72.0805023 0.010926
2052 72.05027973 0.009965
2052 72.05027973 0.009965
2054 71.89694223 0.009023
2054 71.89694223 0.009023
2056 72.19066353 0.008129
2056 72.19066353 0.008129
2058 72.08543319 0.007305
2058 72.08543319 0.007305
2060 72.50968189 0.006594
2060 72.50968189 0.006594
2062 72.7265275 0.005874
2062 72.7265275 0.005874
2064 72.8142695 0.005141
2064 72.8142695 0.005141
2066 73.03885757 0.004403
2066 73.03885757 0.004403
2067 73.22977636 0.004038
2067 73.22977636 0.004038
2069 73.55324338 0.003319
2069 73.55324338 0.003319
2071 73.73229996 0.002653
2071 73.73229996 0.002653
2073 73.90943705 0.002063
2073 73.90943705 0.002063
2075 74.2192292 0.001567
2075 74.2192292 0.001567
2077 74.52471965 0.001189
2077 74.52471965 0.001189
2079 74.48406863 0.000975
2079 74.48406863 0.000975
2080 74.81200323 0.000932
2080 74.81200323 0.000932
2082 75.07411751 0.000838
2082 75.07411751 0.000838
2084 75.47057332 0.000733
2084 75.47057332 0.000733
2086 75.42402799 0.000628
2086 75.42402799 0.000628
2088 75.76553966 0.000511
2088 75.76553966 0.000511
2089 75.79381643 0.000459
2089 75.79381643 0.000459
2091 76.28066309 0.000365
2091 76.28066309 0.000365
2093 76.41163604 0.000295
2093 76.41163604 0.000295
2095 76.74310544 0.00024
2095 76.74310544 0.00024
2097 77.06013004 0.0002
2097 77.06013004 0.0002
2098 77.09556169 0.000182
2098 77.09556169 0.000182
2100 77.34755851 0.00015
2100 77.34755851 0.00015
2102 77.5273444 0.000129
2102 77.5273444 0.000129
2104 77.80254338 9.8e-05
2104 77.80254338 9.8e-05
2105 77.90240232 8.7e-05
2105 77.90240232 8.7e-05
2107 78.20770882 7.4e-05
2107 78.20770882 7.4e-05
2109 78.48327182 6.7e-05
2109 78.48327182 6.7e-05
2111 78.70783115 5.5e-05
2111 78.70783115 5.5e-05
2112 78.88582299 4.3e-05
2112 78.88582299 4.3e-05
2114 79.2296407 2.3e-05
2114 79.2296407 2.3e-05
2116 79.21525629 1e-05
2116 79.21525629 1e-05
2118 79.4246469 -1.4e-05
2118 79.4246469 -1.4e-05
2119 79.68976792 -2.6e-05
2119 79.68976792 -2.6e-05
2121 79.77731311 -3e-05
2121 79.77731311 -3e-05
2123 80.06602899 -3e-05
2123 80.06602899 -3e-05
2125 80.4008722 -3.9e-05
2125 80.4008722 -3.9e-05
2126 80.40739911 -4.2e-05
2126 80.40739911 -4.2e-05
2128 80.58160115 -5.2e-05
2128 80.58160115 -5.2e-05
2130 80.90360254 -6.4e-05
2130 80.90360254 -6.4e-05
2132 81.09092368 -7.5e-05
2132 81.09092368 -7.5e-05
2133 81.16579824 -8.2e-05
2133 81.16579824 -8.2e-05
2135 81.64669236 -9.3e-05
2135 81.64669236 -9.3e-05
2137 81.50996686 -0.000103
2137 81.50996686 -0.000103
2138 81.98741466 -0.000109
2138 81.98741466 -0.000109
2140 82.10143357 -0.000116
2140 82.10143357 -0.000116
2142 82.30707666 -0.000116
2142 82.30707666 -0.000116
2144 82.50881494 -0.000111
2144 82.50881494 -0.000111
2145 82.75898331 -0.000108
2145 82.75898331 -0.000108
2147 82.88482176 -0.000105
2147 82.88482176 -0.000105
2149 82.95653852 -9.7e-05
2149 82.95653852 -9.7e-05
2151 83.02171948 -0.000102
2151 83.02171948 -0.000102
2152 83.25418456 -0.000107
2152 83.25418456 -0.000107
2154 83.3617234 -0.000108
2154 83.3617234 -0.000108
2156 83.46242584 -0.000112
2156 83.46242584 -0.000112
2157 83.61161295 -0.000108
2157 83.61161295 -0.000108
2159 83.76974712 -9.2e-05
2159 83.76974712 -9.2e-05
2161 83.91284345 -8.6e-05
2161 83.91284345 -8.6e-05
2163 84.11913921 -7.4e-05
2163 84.11913921 -7.4e-05
2164 84.2293263 -6.9e-05
2164 84.2293263 -6.9e-05
2166 84.33584287 -6.8e-05
2166 84.33584287 -6.8e-05
2168 84.53894745 -7.1e-05
2168 84.53894745 -7.1e-05
2170 84.67889081 -6.7e-05
2170 84.67889081 -6.7e-05
2171 84.59664971 -6.3e-05
2171 84.59664971 -6.3e-05
2173 84.59512713 -4.9e-05
2173 84.59512713 -4.9e-05
2175 84.73266379 -3.7e-05
2175 84.73266379 -3.7e-05
2177 84.63591869 -2.7e-05
2177 84.63591869 -2.7e-05
2178 84.70834203 -1.6e-05
2178 84.70834203 -1.6e-05
2180 84.91077994 1.3e-05
2180 84.91077994 1.3e-05
2182 84.89884718 3.9e-05
2182 84.89884718 3.9e-05
2184 85.12376327 6.1e-05
2184 85.12376327 6.1e-05
2185 85.18431389 7.4e-05
2185 85.18431389 7.4e-05
2187 85.5215718 9.8e-05
2187 85.5215718 9.8e-05
2189 85.71270396 0.000128
2189 85.71270396 0.000128
2191 85.85888709 0.000149
2191 85.85888709 0.000149
2193 86.17276667 0.000152
2193 86.17276667 0.000152
2195 86.37513531 0.000151
2195 86.37513531 0.000151
2197 86.47442871 0.000156
2197 86.47442871 0.000156
2198 86.68778703 0.000153
2198 86.68778703 0.000153
2200 86.95070656 0.000144
2200 86.95070656 0.000144
2202 87.19520961 0.000143
2202 87.19520961 0.000143
2204 87.19886343 0.000141
2204 87.19886343 0.000141
2206 87.67813525 0.000141
2206 87.67813525 0.000141
2208 87.77577584 0.000132
2208 87.77577584 0.000132
2210 88.00967626 0.000134
2210 88.00967626 0.000134
2212 88.09155795 0.000118
2212 88.09155795 0.000118
2214 88.47325985 0.000106
2214 88.47325985 0.000106
2217 88.6178793 6.1e-05
2217 88.6178793 6.1e-05
2219 88.63944884 2.8e-05
2219 88.63944884 2.8e-05
2221 88.91050594 1.1e-05
2221 88.91050594 1.1e-05
2223 89.29845485 -3e-06
2223 89.29845485 -3e-06
2225 89.24740319 -2.6e-05
2225 89.24740319 -2.6e-05
2227 89.48806711 -3.2e-05
2227 89.48806711 -3.2e-05
2229 89.54069493 -5.2e-05
2229 89.54069493 -5.2e-05
2232 89.98476927 -9.1e-05
2232 89.98476927 -9.1e-05
2234 90.03249587 -0.00012
2234 90.03249587 -0.00012
2236 90.27289201 -0.000123
2236 90.27289201 -0.000123
2238 90.4439033 -0.000133
2238 90.4439033 -0.000133
2240 90.64031065 -0.000138
2240 90.64031065 -0.000138
2243 90.81638855 -0.000141
2243 90.81638855 -0.000141
2245 91.15737167 -0.00012
2245 91.15737167 -0.00012
2247 91.12839521 -9.2e-05
2247 91.12839521 -9.2e-05
2250 91.12803569 -8.8e-05
2250 91.12803569 -8.8e-05
2252 91.49984597 -0.000106
2252 91.49984597 -0.000106
2254 91.80930495 -0.000124
2254 91.80930495 -0.000124
2256 91.82987993 -0.000149
2256 91.82987993 -0.000149
2259 92.02315256 -0.000177
2259 92.02315256 -0.000177
2261 92.22886332 -0.000194
2261 92.22886332 -0.000194
2263 92.58163457 -0.000206
2263 92.58163457 -0.000206
2266 92.50843419 -0.000226
2266 92.50843419 -0.000226
2268 92.86561932 -0.000246
2268 92.86561932 -0.000246
2270 92.96302305 -0.000247
2270 92.96302305 -0.000247
2273 92.91965925 -0.000224
2273 92.91965925 -0.000224
2275 93.32983258 -0.000186
2275 93.32983258 -0.000186
2277 92.90203343 -0.000157
2277 92.90203343 -0.000157
2280 93.22540699 -7.4e-05
2280 93.22540699 -7.4e-05
2282 93.0550731 -0
2282 93.0550731 -0
2285 93.1028892 8.5e-05
2285 93.1028892 8.5e-05
2287 93.15888258 0.000149
2287 93.15888258 0.000149
2289 92.96939531 0.000225
2289 92.96939531 0.000225
2292 92.94345732 0.000387
2292 92.94345732 0.000387
2294 92.89755872 0.000533
2294 92.89755872 0.000533
2296 92.48582906 0.000717
2296 92.48582906 0.000717
2299 92.48024945 0.000995
2299 92.48024945 0.000995
2301 92.28819956 0.001209
2301 92.28819956 0.001209
2303 92.3207278 0.001431
2303 92.3207278 0.001431
2305 92.11962546 0.001647
2305 92.11962546 0.001647
2308 91.79614264 0.001909
2308 91.79614264 0.001909
2310 91.43397094 0.00208
2310 91.43397094 0.00208
2312 91.10809649 0.002306
2312 91.10809649 0.002306
2315 90.67578591 0.002739
2315 90.67578591 0.002739
2317 90.0482502 0.003018
2317 90.0482502 0.003018
2319 89.43056053 0.003291
2319 89.43056053 0.003291
2321 88.2762816 0.003575
2321 88.2762816 0.003575
2324 87.59151644 0.003988
2324 87.59151644 0.003988
2326 86.57923672 0.004218
2326 86.57923672 0.004218
2328 85.89465691 0.004408
2328 85.89465691 0.004408
2330 85.09967715 0.004587
2330 85.09967715 0.004587
2332 84.52793202 0.004832
2332 84.52793202 0.004832
2334 83.61544726 0.005138
2334 83.61544726 0.005138
2336 82.7717413 0.005476
2336 82.7717413 0.005476
2339 82.46294436 0.006022
2339 82.46294436 0.006022
2341 81.8427074 0.00636
2341 81.8427074 0.00636
2343 81.25632887 0.006668
2343 81.25632887 0.006668
2345 80.7789315 0.006935
2345 80.7789315 0.006935
2347 80.20917636 0.007161
2347 80.20917636 0.007161
2349 79.61551858 0.007343
2349 79.61551858 0.007343
2351 79.36305796 0.007547
2351 79.36305796 0.007547
2353 79.23381239 0.007786
2353 79.23381239 0.007786
2355 78.97247442 0.008084
2355 78.97247442 0.008084
2357 78.68495061 0.008401
2357 78.68495061 0.008401
2359 78.80618274 0.008713
2359 78.80618274 0.008713
2361 78.47121329 0.00902
2361 78.47121329 0.00902
2363 78.27285077 0.009277
2363 78.27285077 0.009277
2365 78.17628239 0.00948
2365 78.17628239 0.00948
2367 77.98115263 0.009604
2367 77.98115263 0.009604
2369 77.78453598 0.009652
2369 77.78453598 0.009652
2371 77.60931652 0.009711
2371 77.60931652 0.009711
2373 77.46291134 0.009777
2373 77.46291134 0.009777
2375 77.34951218 0.009865
2375 77.34951218 0.009865
2377 77.2127568 0.009954
2377 77.2127568 0.009954
2379 76.90848174 0.010066
2379 76.90848174 0.010066
2381 76.88388175 0.010204
2381 76.88388175 0.010204
2383 76.54009097 0.010274
2383 76.54009097 0.010274
2385 76.42719733 0.010259
2385 76.42719733 0.010259
2387 75.94114398 0.010158
2387 75.94114398 0.010158
2389 75.88232006 0.010001
2389 75.88232006 0.010001
2391 76.04260621 0.009842
2391 76.04260621 0.009842
2393 75.27022998 0.009684
2393 75.27022998 0.009684
2395 74.9835832 0.009544
2395 74.9835832 0.009544
2397 74.86430523 0.00946
2397 74.86430523 0.00946
2399 74.12968406 0.009426
2399 74.12968406 0.009426
2400 74.05193613 0.009423
2400 74.05193613 0.009423
2402 73.60109687 0.009364
2402 73.60109687 0.009364
2404 73.38297947 0.009237
2404 73.38297947 0.009237
2406 73.25238054 0.009035
2406 73.25238054 0.009035
2408 72.81095483 0.008768
2408 72.81095483 0.008768
2410 72.58415546 0.008455
2410 72.58415546 0.008455
2412 72.21662355 0.008184
2412 72.21662355 0.008184
2414 71.59585435 0.007949
2414 71.59585435 0.007949
2416 71.24540617 0.007774
2416 71.24540617 0.007774
2418 70.95925785 0.007645
2418 70.95925785 0.007645
2420 70.69380533 0.007589
2420 70.69380533 0.007589
2422 70.39349313 0.007516
2422 70.39349313 0.007516
2423 70.39873636 0.007457
2423 70.39873636 0.007457
2425 69.8871653 0.007311
2425 69.8871653 0.007311
2427 69.76954704 0.007104
2427 69.76954704 0.007104
2429 69.19855089 0.006863
2429 69.19855089 0.006863
2431 69.27665331 0.006595
2431 69.27665331 0.006595
2433 68.99020592 0.006316
2433 68.99020592 0.006316
2435 68.95221229 0.006045
2435 68.95221229 0.006045
2436 68.80340487 0.005915
2436 68.80340487 0.005915
2438 68.74841796 0.005691
2438 68.74841796 0.005691
2440 68.33411478 0.005543
2440 68.33411478 0.005543
2442 67.95985165 0.00537
2442 67.95985165 0.00537
2444 67.85972113 0.005161
2444 67.85972113 0.005161
2446 67.57734128 0.004904
2446 67.57734128 0.004904
2448 67.30133695 0.004624
2448 67.30133695 0.004624
2449 66.78879992 0.004469
2449 66.78879992 0.004469
2451 66.35787739 0.004039
2451 66.35787739 0.004039
2453 65.79319822 0.003481
2453 65.79319822 0.003481
2455 65.31033567 0.00283
2455 65.31033567 0.00283
2457 64.48138386 0.002133
2457 64.48138386 0.002133
2459 63.81525366 0.001404
2459 63.81525366 0.001404
2460 63.3454375 0.001036
2460 63.3454375 0.001036
2462 62.66091902 0.000245
2462 62.66091902 0.000245
2464 61.92639963 -0.000617
2464 61.92639963 -0.000617
2466 60.84672835 -0.001536
2466 60.84672835 -0.001536
2468 60.3515758 -0.002492
2468 60.3515758 -0.002492
2469 59.3907973 -0.002985
2469 59.3907973 -0.002985
2471 58.6573308 -0.004193
2471 58.6573308 -0.004193
2473 57.80588733 -0.005675
2473 57.80588733 -0.005675
2475 56.73475285 -0.007386
2475 56.73475285 -0.007386
2477 55.88299702 -0.009295
2477 55.88299702 -0.009295
2478 55.61584981 -0.010324
2478 55.61584981 -0.010324
2480 55.00969173 -0.012464
2480 55.00969173 -0.012464
2482 54.08416743 -0.014773
2482 54.08416743 -0.014773
2484 52.91093893 -0.017228
2484 52.91093893 -0.017228
2486 52.21414052 -0.019788
2486 52.21414052 -0.019788
2488 52.07209225 -0.022394
2488 52.07209225 -0.022394
2490 51.20677628 -0.025287
2490 51.20677628 -0.025287
2492 49.95097198 -0.029285
2492 49.95097198 -0.029285
2494 49.195122 -0.034139
2494 49.195122 -0.034139
2496 48.54754695 -0.039582
2496 48.54754695 -0.039582
2498 47.9123346 -0.045105
2498 47.9123346 -0.045105
2500 47.32112309 -0.050202
2500 47.32112309 -0.050202
2503 46.55187685 -0.055777
2503 46.55187685 -0.055777
2506 46.11856458 -0.057571
2506 46.11856458 -0.057571
2508 45.09778482 -0.05642
2508 45.09778482 -0.05642
2510 44.80198576 -0.053704
2510 44.80198576 -0.053704
2513 44.10048021 -0.047404
2513 44.10048021 -0.047404
2514 43.58733774 -0.044951
2514 43.58733774 -0.044951
2516 42.99569143 -0.039846
2516 42.99569143 -0.039846
2518 42.58210795 -0.03476
2518 42.58210795 -0.03476
2519 42.4513056 -0.03232
2519 42.4513056 -0.03232
2520 42.30223267 -0.029987
2520 42.30223267 -0.029987
2522 41.91365624 -0.025532
2522 41.91365624 -0.025532
2523 41.39495347 -0.02344
2523 41.39495347 -0.02344
2524 41.31296937 -0.021458
2524 41.31296937 -0.021458
2525 41.17754381 -0.019598
2525 41.17754381 -0.019598
2526 41.20617325 -0.017854
2526 41.20617325 -0.017854
2527 41.21726245 -0.016223
2527 41.21726245 -0.016223
2528 41.19916555 -0.014702
2528 41.19916555 -0.014702
2529 40.9994529 -0.013297
2529 40.9994529 -0.013297
2530 40.85264241 -0.012003
2530 40.85264241 -0.012003
2531 40.90581793 -0.010809
2531 40.90581793 -0.010809
2532 40.84267732 -0.00971
2532 40.84267732 -0.00971
2532 40.61188999 -0.00971
2532 40.61188999 -0.00971
2533 40.53804038 -0.008712
2533 40.53804038 -0.008712
2534 40.63677866 -0.007815
2534 40.63677866 -0.007815
2535 40.71906876 -0.007005
2535 40.71906876 -0.007005
2536 40.45998591 -0.006271
2536 40.45998591 -0.006271
2537 40.53708954 -0.005616
2537 40.53708954 -0.005616
2538 40.39740047 -0.005038
2538 40.39740047 -0.005038
2538 40.36283824 -0.005038
2538 40.36283824 -0.005038
2539 40.43377463 -0.004525
2539 40.43377463 -0.004525
2540 40.46872159 -0.004073
2540 40.46872159 -0.004073
2541 40.51514463 -0.003647
2541 40.51514463 -0.003647
2541 40.3448439 -0.003647
2541 40.3448439 -0.003647
2542 40.35997948 -0.003245
2542 40.35997948 -0.003245
2543 40.39950664 -0.002873
2543 40.39950664 -0.002873
2544 40.30250969 -0.002534
2544 40.30250969 -0.002534
2544 40.39905388 -0.002534
2544 40.39905388 -0.002534
2545 40.35581016 -0.002221
2545 40.35581016 -0.002221
2546 40.23397416 -0.001929
2546 40.23397416 -0.001929
2546 40.43568042 -0.001929
2546 40.43568042 -0.001929
2547 40.25569017 -0.001659
2547 40.25569017 -0.001659
2548 40.31057509 -0.001408
2548 40.31057509 -0.001408
2549 40.33800568 -0.001182
2549 40.33800568 -0.001182
2549 40.17436221 -0.001182
2549 40.17436221 -0.001182
2550 40.21091661 -0.000979
2550 40.21091661 -0.000979
2551 40.11839157 -0.000795
2551 40.11839157 -0.000795
2551 40.17448207 -0.000795
2551 40.17448207 -0.000795
2552 40.2237117 -0.000633
2552 40.2237117 -0.000633
2553 40.11509156 -0.000492
2553 40.11509156 -0.000492
2553 40.12938086 -0.000492
2553 40.12938086 -0.000492
2554 39.97242042 -0.000368
2554 39.97242042 -0.000368
2555 40.00569831 -0.000263
2555 40.00569831 -0.000263
2555 39.97780969 -0.000263
2555 39.97780969 -0.000263
2556 39.84624454 -0.000179
2556 39.84624454 -0.000179
2556 39.85851392 -0.000179
2556 39.85851392 -0.000179
2557 39.82819371 -0.00012
2557 39.82819371 -0.00012
2558 39.74113134 -8.4e-05
2558 39.74113134 -8.4e-05
2558 39.8358992 -8.4e-05
2558 39.8358992 -8.4e-05
2559 39.85674875 -6.7e-05
2559 39.85674875 -6.7e-05
2560 39.58830834 -7e-05
2560 39.58830834 -7e-05
2560 39.45935087 -7e-05
2560 39.45935087 -7e-05
2561 39.53387323 -7.1e-05
2561 39.53387323 -7.1e-05
2562 39.60500342 -7.2e-05
2562 39.60500342 -7.2e-05
2562 39.38866648 -7.2e-05
2562 39.38866648 -7.2e-05
2563 39.29822884 -7.6e-05
2563 39.29822884 -7.6e-05
2563 39.39842751 -7.6e-05
2563 39.39842751 -7.6e-05
2564 39.33432274 -8.1e-05
2564 39.33432274 -8.1e-05
2565 39.3017056 -8.4e-05
2565 39.3017056 -8.4e-05
2565 39.12433074 -8.4e-05
2565 39.12433074 -8.4e-05
2565 39.2018956 -8.4e-05
2565 39.2018956 -8.4e-05
2565 38.92255794 -8.4e-05
2565 38.92255794 -8.4e-05
2565 39.01747688 -8.4e-05
2565 39.01747688 -8.4e-05
2565 38.89942999 -8.4e-05
2565 38.89942999 -8.4e-05
2565 38.66713893 -8.4e-05
2565 38.66713893 -8.4e-05
2565 38.56437234 -8.4e-05
2565 38.56437234 -8.4e-05
2565 38.6355552 -8.4e-05
2565 38.6355552 -8.4e-05
2565 38.4831125 -8.4e-05
2565 38.4831125 -8.4e-05
2565 38.447806 -8.4e-05
2565 38.447806 -8.4e-05
2565 38.36973375 -8.4e-05
2565 38.36973375 -8.4e-05
2565 38.11990087 -8.4e-05
2565 38.11990087 -8.4e-05
2565 38.11187728 -8.4e-05
2565 38.11187728 -8.4e-05
2565 37.95779539 -8.4e-05
2565 37.95779539 -8.4e-05
2565 38.00288917 -8.4e-05
2565 38.00288917 -8.4e-05
2565 37.94842935 -8.4e-05
2565 37.94842935 -8.4e-05
2565 37.68696897 -8.4e-05
2565 37.68696897 -8.4e-05
