0 0
0 2.989875535
0 2.989875535
0 3.145311354
0 3.145311354
0 3.661710639
0 3.661710639
0 4.151139462
0 4.151139462
0 4.806977629
0 4.806977629
0 5.34370359
0 5.34370359
0 5.573699863
0 5.573699863
0 6.299847846
0 6.299847846
0 6.929335346
0 6.929335346
0 7.589734568
0 7.589734568
0 8.637838
0 8.637838
0 9.198863411
0 9.198863411
0 10.34945681
0 10.34945681
0 10.90773119
0 10.90773119
0 11.48428651
0 11.48428651
0 12.33139194
0 12.33139194
0 13.22373816
0 13.22373816
0 13.6761985
0 13.6761985
0 14.64626412
0 14.64626412
0 14.93820019
0 14.93820019
0 15.48590381
0 15.48590381
0 16.20455911
0 16.20455911
0 16.93433698
0 16.93433698
0 17.52516432
0 17.52516432
0 18.06812711
0 18.06812711
0 18.5344824
0 18.5344824
0 19.06434451
0 19.06434451
0 19.89038342
0 19.89038342
0 20.2891351
0 20.2891351
0 21.01208094
0 21.01208094
0 21.55347382
0 21.55347382
0 22.29930532
0 22.29930532
0 22.7516999
0 22.7516999
0 23.58502234
0 23.58502234
0 24.18215141
0 24.18215141
0 24.64478128
0 24.64478128
0 25.37687068
0 25.37687068
0 26.25073268
0 26.25073268
0 26.72309662
0 26.72309662
0 27.36088167
0 27.36088167
0 27.91914724
0 27.91914724
0 28.65274492
0 28.65274492
0 29.15830468
0 29.15830468
0 29.75576182
0 29.75576182
0 30.42227352
0 30.42227352
0 30.95923789
0 30.95923789
0 31.36543733
0 31.36543733
0 32.08978034
0 32.08978034
0 32.57745047
0 32.57745047
0 33.30746016
0 33.30746016
0 33.75381159
0 33.75381159
0 34.4034383
0 34.4034383
0 35.15833634
0 35.15833634
0 35.88288843
0 35.88288843
0 36.3626217
0 36.3626217
0 37.18934692
0 37.18934692
0 37.57982936
0 37.57982936
0 38.41145468
0 38.41145468
0 38.76115096
0 38.76115096
0 39.51266463
0 39.51266463
0 39.98762784
0 39.98762784
0 40.73835163
0 40.73835163
0 41.14979945
0 41.14979945
0 41.945897
0 41.945897
0 42.72189643
0 42.72189643
0 43.12634114
0 43.12634114
0 43.72076476
0 43.72076476
0 44.35560038
0 44.35560038
0 45.08094517
0 45.08094517
0 45.19928
0 45.19928
1 45.8561384
1 45.8561384
2 46.16188276
2 46.16188276
2 46.74881036
2 46.74881036
3 47.18128415
3 47.18128415
4 47.64626602
4 47.64626602
5 48.45121291
5 48.45121291
5 48.81674914
5 48.81674914
6 49.37868754
6 49.37868754
7 49.85217737
7 49.85217737
8 50.31908988
8 50.31908988
8 50.54512112
8 50.54512112
9 50.89786702
9 50.89786702
10 51.50301459
10 51.50301459
11 51.89606276
11 51.89606276
12 52.45720856
12 52.45720856
12 52.66563445
12 52.66563445
13 53.24543584
13 53.24543584
14 53.72040682
14 53.72040682
15 53.97362589
15 53.97362589
16 54.88275904
16 54.88275904
16 55.023506
16 55.023506
17 55.45723777
17 55.45723777
18 55.91916614
18 55.91916614
19 56.4397997
19 56.4397997
20 56.81608652
20 56.81608652
21 57.32746935
21 57.32746935
22 57.93286026
22 57.93286026
22 58.53574342
22 58.53574342
23 58.99144295
23 58.99144295
24 59.60882289
24 59.60882289
25 59.77929687
25 59.77929687
26 60.2661781
26 60.2661781
27 61.04141724
27 61.04141724
28 61.30502617
28 61.30502617
29 61.88609807
29 61.88609807
30 62.45302531
30 62.45302531
30 62.95768913
30 62.95768913
31 63.34650348
31 63.34650348
32 63.909153
32 63.909153
33 64.42922283
33 64.42922283
34 64.91483104
34 64.91483104
35 65.38995353
35 65.38995353
36 65.87889884
36 65.87889884
37 66.61364877
37 66.61364877
38 66.92872997
38 66.92872997
39 67.4436733
39 67.4436733
40 67.70922025
40 67.70922025
41 68.36786096
41 68.36786096
42 68.65639436
42 68.65639436
43 69.24874043
43 69.24874043
44 69.71558602
44 69.71558602
45 70.22835756
45 70.22835756
46 70.37819686
46 70.37819686
47 70.83595023
47 70.83595023
48 70.9933454
48 70.9933454
49 71.41753912
49 71.41753912
50 71.786946
50 71.786946
51 71.96801701
51 71.96801701
52 72.54764183
52 72.54764183
53 72.96929239
53 72.96929239
54 73.52647879
54 73.52647879
55 73.91735475
55 73.91735475
56 74.25005658
56 74.25005658
57 74.409649
57 74.409649
58 74.87169434
58 74.87169434
59 75.22059462
59 75.22059462
60 75.3365129
60 75.3365129
61 75.79473922
61 75.79473922
62 75.98761652
62 75.98761652
63 76.46159502
63 76.46159502
64 76.66140452
64 76.66140452
65 77.11619808
65 77.11619808
66 77.47205962
66 77.47205962
67 77.71322962
67 77.71322962
68 78.15189755
68 78.15189755
69 78.39365875
69 78.39365875
70 78.87314385
70 78.87314385
71 78.99005306
71 78.99005306
72 79.56619307
72 79.56619307
73 79.83819237
73 79.83819237
74 79.96564725
74 79.96564725
75 80.28036266
75 80.28036266
76 80.94940101
76 80.94940101
77 80.72854898
77 80.72854898
78 81.36207035
78 81.36207035
79 81.84173258
79 81.84173258
80 81.93005864
80 81.93005864
81 82.50793067
81 82.50793067
83 82.89061086
83 82.89061086
84 82.79534735
84 82.79534735
85 82.86118784
85 82.86118784
86 83.58416708
86 83.58416708
87 83.96485963
87 83.96485963
88 84.55494791
88 84.55494791
89 86.18195098
89 86.18195098
90 87.18939774
90 87.18939774
91 87.60791811
91 87.60791811
92 88.59496681
92 88.59496681
93 85.32646716
93 85.32646716
94 85.67254784
94 85.67254784
95 86.37428818
95 86.37428818
96 86.50828728
96 86.50828728
97 86.68609966
97 86.68609966
98 86.84407868
98 86.84407868
100 87.37698873
100 87.37698873
101 87.53988827
101 87.53988827
102 88.0885181
102 88.0885181
103 88.17036674
103 88.17036674
104 88.20819037
104 88.20819037
105 88.60941171
105 88.60941171
106 89.0001266
106 89.0001266
107 89.45786772
107 89.45786772
108 89.41181603
108 89.41181603
109 90.23659949
109 90.23659949
110 89.69996172
110 89.69996172
111 90.48058001
111 90.48058001
112 90.74843395
112 90.74843395
113 90.8823275
113 90.8823275
114 91.1709782
114 91.1709782
115 91.53009582
115 91.53009582
117 92.03729921
117 92.03729921
118 92.10233186
118 92.10233186
119 92.61173504
119 92.61173504
120 92.706639
120 92.706639
121 93.25039561
121 93.25039561
122 93.22985661
122 93.22985661
123 93.64590905
123 93.64590905
124 93.98659661
124 93.98659661
125 94.56595195
125 94.56595195
126 94.69619843
126 94.69619843
127 94.72253962
127 94.72253962
129 95.02276833
129 95.02276833
130 95.45930286
130 95.45930286
131 95.9410683
131 95.9410683
132 95.86427424
132 95.86427424
133 96.56620767
133 96.56620767
134 96.75565864
134 96.75565864
135 96.93896319
135 96.93896319
136 96.91586967
136 96.91586967
137 97.12145545
137 97.12145545
138 97.22354634
138 97.22354634
139 97.45192952
139 97.45192952
141 98.02640468
141 98.02640468
142 98.08593253
142 98.08593253
143 98.04397102
143 98.04397102
144 98.59034745
144 98.59034745
145 98.59390905
145 98.59390905
146 98.98656786
146 98.98656786
147 98.83758533
147 98.83758533
148 99.09437257
148 99.09437257
149 99.32997906
149 99.32997906
150 99.52272963
150 99.52272963
152 99.51487596
152 99.51487596
153 99.63215068
153 99.63215068
154 100.0482969
154 100.0482969
155 99.82432917
155 99.82432917
156 99.84847089
156 99.84847089
157 99.63542408
157 99.63542408
158 99.5208125
158 99.5208125
159 99.80303031
159 99.80303031
160 99.77193887
160 99.77193887
161 99.18606004
161 99.18606004
163 98.74863901
163 98.74863901
164 98.50869671
164 98.50869671
165 98.58318373
165 98.58318373
166 98.44898858
166 98.44898858
167 98.36403363
167 98.36403363
168 98.34760041
168 98.34760041
169 97.82324602
169 97.82324602
170 97.31486755
170 97.31486755
171 97.18352511
171 97.18352511
172 97.13363515
172 97.13363515
173 96.90625731
173 96.90625731
174 96.46460316
174 96.46460316
175 96.59730618
175 96.59730618
176 95.60921554
176 95.60921554
177 95.10846594
177 95.10846594
179 94.46004322
179 94.46004322
180 93.71447397
180 93.71447397
181 93.3556916
181 93.3556916
182 92.70070112
182 92.70070112
183 91.45434071
183 91.45434071
184 90.59770195
184 90.59770195
185 89.43653152
185 89.43653152
186 88.02162322
186 88.02162322
187 86.92622319
187 86.92622319
188 85.62950218
188 85.62950218
189 84.74139467
189 84.74139467
190 83.4631137
190 83.4631137
191 81.77994683
191 81.77994683
192 80.48287193
192 80.48287193
193 79.08380252
193 79.08380252
194 77.92061858
194 77.92061858
195 76.42269272
195 76.42269272
196 75.03203799
196 75.03203799
197 73.74407833
197 73.74407833
198 71.82546804
198 71.82546804
199 70.67732474
199 70.67732474
200 69.37840064
200 69.37840064
202 67.78165497
202 67.78165497
203 66.68662219
203 66.68662219
204 65.16891037
204 65.16891037
205 63.67143279
205 63.67143279
206 62.57789692
206 62.57789692
207 61.16127321
207 61.16127321
208 59.30770985
208 59.30770985
210 58.28191255
210 58.28191255
211 56.84747039
211 56.84747039
212 55.5759962
212 55.5759962
213 54.31094035
213 54.31094035
214 53.27209346
214 53.27209346
216 51.65894334
216 51.65894334
217 50.60293104
217 50.60293104
218 49.90529047
218 49.90529047
220 49.17387088
220 49.17387088
221 47.92130379
221 47.92130379
223 46.83543776
223 46.83543776
224 46.13101896
224 46.13101896
226 45.48671637
226 45.48671637
228 44.53212136
228 44.53212136
230 44.20365125
230 44.20365125
231 43.05673783
231 43.05673783
233 42.55898687
233 42.55898687
235 41.90671437
235 41.90671437
237 41.01700165
237 41.01700165
238 40.30999626
238 40.30999626
240 40.04561394
240 40.04561394
242 39.49109006
242 39.49109006
243 39.22925861
243 39.22925861
245 38.8084687
245 38.8084687
247 38.52757264
247 38.52757264
249 38.17764045
249 38.17764045
251 38.03266327
251 38.03266327
253 37.69337794
253 37.69337794
255 37.88961098
255 37.88961098
256 37.87977793
256 37.87977793
258 37.70918069
258 37.70918069
260 37.63553794
260 37.63553794
263 37.31771525
263 37.31771525
265 37.49853746
265 37.49853746
267 37.13278051
267 37.13278051
269 37.0453859
269 37.0453859
271 36.56746445
271 36.56746445
273 36.91415613
273 36.91415613
275 36.76569569
275 36.76569569
276 36.58107624
276 36.58107624
278 36.45563167
278 36.45563167
280 36.50596826
280 36.50596826
282 36.51658591
282 36.51658591
284 36.82148745
284 36.82148745
286 37.24915894
286 37.24915894
288 37.19341992
288 37.19341992
290 37.27660824
290 37.27660824
291 37.49041857
291 37.49041857
293 37.54926188
293 37.54926188
295 37.96289205
295 37.96289205
296 38.02962943
296 38.02962943
298 38.13318938
298 38.13318938
300 38.08834526
300 38.08834526
302 38.29090981
302 38.29090981
303 38.51990505
303 38.51990505
305 38.39048961
305 38.39048961
307 38.6745414
307 38.6745414
308 38.99117935
308 38.99117935
310 38.92396246
310 38.92396246
312 39.00142121
312 39.00142121
313 39.57927627
313 39.57927627
315 39.10132298
315 39.10132298
316 39.51969368
316 39.51969368
318 39.91564906
318 39.91564906
319 39.98759984
319 39.98759984
321 40.21319787
321 40.21319787
323 40.34434382
323 40.34434382
324 40.31107514
324 40.31107514
326 40.62010275
326 40.62010275
327 40.8672083
327 40.8672083
328 41.18723941
328 41.18723941
330 41.33808586
330 41.33808586
331 41.71341665
331 41.71341665
333 41.71103903
333 41.71103903
334 42.05241731
334 42.05241731
336 42.62228714
336 42.62228714
337 42.42404045
337 42.42404045
339 42.51517232
339 42.51517232
340 42.43400461
340 42.43400461
341 43.60328756
341 43.60328756
343 43.58426126
343 43.58426126
344 43.92905033
344 43.92905033
346 43.83715831
346 43.83715831
347 44.40838577
347 44.40838577
348 44.56405007
348 44.56405007
350 44.86180409
350 44.86180409
351 45.01517878
351 45.01517878
353 45.16320357
353 45.16320357
354 45.19167914
354 45.19167914
355 45.4942131
355 45.4942131
357 45.73356806
357 45.73356806
358 46.06596906
358 46.06596906
360 46.28237915
360 46.28237915
361 47.00463889
361 47.00463889
362 47.31673426
362 47.31673426
364 47.54409215
364 47.54409215
365 48.03918892
365 48.03918892
366 48.34173291
366 48.34173291
368 48.74119768
368 48.74119768
369 49.14197657
369 49.14197657
371 49.47524936
371 49.47524936
372 49.89745709
372 49.89745709
373 50.23063484
373 50.23063484
375 50.43457084
375 50.43457084
376 50.53603749
376 50.53603749
378 50.98345614
378 50.98345614
379 51.01868486
379 51.01868486
380 51.08609909
380 51.08609909
382 51.16332308
382 51.16332308
383 51.64940647
383 51.64940647
384 51.61499515
384 51.61499515
386 51.48220805
386 51.48220805
387 51.49580183
387 51.49580183
389 51.61762612
389 51.61762612
390 51.74227304
390 51.74227304
391 51.54372807
391 51.54372807
393 51.30606514
393 51.30606514
394 51.67231906
394 51.67231906
396 51.30782721
396 51.30782721
397 51.3193389
397 51.3193389
398 50.97104717
398 50.97104717
400 50.82789196
400 50.82789196
401 50.70686793
401 50.70686793
402 50.45258369
402 50.45258369
404 49.74249369
404 49.74249369
405 49.81095698
405 49.81095698
407 49.32001682
407 49.32001682
408 48.81554544
408 48.81554544
409 48.66920214
409 48.66920214
411 48.36660881
411 48.36660881
412 47.47988493
412 47.47988493
414 47.02866842
414 47.02866842
415 46.57887848
415 46.57887848
417 46.09640996
417 46.09640996
418 45.96679577
418 45.96679577
419 45.35092407
419 45.35092407
421 44.70940454
421 44.70940454
422 44.3495744
422 44.3495744
424 44.78985245
424 44.78985245
425 44.38873617
425 44.38873617
427 44.09367702
427 44.09367702
428 44.14256933
428 44.14256933
430 44.19941734
430 44.19941734
432 43.63402633
432 43.63402633
434 43.97728477
434 43.97728477
435 43.96834154
435 43.96834154
437 43.3711781
437 43.3711781
439 43.72561024
439 43.72561024
441 43.27425433
441 43.27425433
443 43.00871386
443 43.00871386
445 43.05672227
445 43.05672227
448 43.15920222
448 43.15920222
450 42.73519828
450 42.73519828
453 42.57462179
453 42.57462179
455 42.6081461
455 42.6081461
458 42.61442388
458 42.61442388
460 42.30161205
460 42.30161205
463 42.24692367
463 42.24692367
466 42.33605014
466 42.33605014
469 42.05100759
469 42.05100759
471 42.08937965
471 42.08937965
473 41.92180889
473 41.92180889
475 41.8883059
475 41.8883059
477 41.80863
477 41.80863
479 41.45084567
479 41.45084567
481 41.38145117
481 41.38145117
483 41.60064183
483 41.60064183
485 41.48635061
485 41.48635061
487 41.60002867
487 41.60002867
489 41.41889673
489 41.41889673
490 41.5185231
490 41.5185231
492 41.84683444
492 41.84683444
493 41.76194912
493 41.76194912
495 41.86479574
495 41.86479574
497 42.15873564
497 42.15873564
498 42.20821921
498 42.20821921
500 42.7313064
500 42.7313064
502 42.9770332
502 42.9770332
503 42.84518664
503 42.84518664
505 43.09464049
505 43.09464049
506 43.10233826
506 43.10233826
508 43.05575023
508 43.05575023
509 42.89910068
509 42.89910068
511 42.96178201
511 42.96178201
513 42.76309002
513 42.76309002
514 42.93760991
514 42.93760991
516 43.12622344
516 43.12622344
517 43.07506831
517 43.07506831
519 43.32191109
519 43.32191109
520 43.40376666
520 43.40376666
522 43.44023552
522 43.44023552
523 43.4795189
523 43.4795189
525 43.7396854
525 43.7396854
526 43.27745004
526 43.27745004
528 43.67575463
528 43.67575463
529 43.64608295
529 43.64608295
531 43.51058852
531 43.51058852
532 43.44668645
532 43.44668645
534 43.28718371
534 43.28718371
535 43.20595989
535 43.20595989
536 43.16775191
536 43.16775191
538 42.79316911
538 42.79316911
539 42.83202354
539 42.83202354
541 42.65188926
541 42.65188926
542 42.72689215
542 42.72689215
544 42.24140301
544 42.24140301
545 42.32447371
545 42.32447371
546 42.09781849
546 42.09781849
548 41.93836555
548 41.93836555
549 41.85087168
549 41.85087168
551 41.60254922
551 41.60254922
552 41.5821674
552 41.5821674
554 41.46778701
554 41.46778701
555 41.427104
555 41.427104
556 41.05731961
556 41.05731961
558 40.9055757
558 40.9055757
559 40.73845574
559 40.73845574
561 40.54116051
561 40.54116051
562 40.7275026
562 40.7275026
564 40.32428755
564 40.32428755
565 40.2052383
565 40.2052383
567 40.27020499
567 40.27020499
568 40.26127952
568 40.26127952
570 39.73565171
570 39.73565171
571 39.70745967
571 39.70745967
573 39.6631248
573 39.6631248
574 39.421129
574 39.421129
576 39.4403532
576 39.4403532
578 39.45397221
578 39.45397221
579 39.32303686
579 39.32303686
581 38.83550158
581 38.83550158
582 39.01060415
582 39.01060415
584 38.9565493
584 38.9565493
586 38.53817733
586 38.53817733
588 38.52562131
588 38.52562131
589 38.24958179
589 38.24958179
591 38.0888605
591 38.0888605
593 37.72171568
593 37.72171568
595 37.82330219
595 37.82330219
596 37.59613254
596 37.59613254
598 37.20218195
598 37.20218195
600 37.45201822
600 37.45201822
602 37.54927204
602 37.54927204
604 37.08038181
604 37.08038181
605 36.96869294
605 36.96869294
607 37.82444346
607 37.82444346
609 37.93617653
609 37.93617653
611 38.1596275
611 38.1596275
612 38.01543761
612 38.01543761
614 37.9958979
614 37.9958979
615 38.62300223
615 38.62300223
617 38.32367598
617 38.32367598
618 38.84806211
618 38.84806211
620 38.9145853
620 38.9145853
622 38.91588859
622 38.91588859
623 39.0778817
623 39.0778817
624 39.45093512
624 39.45093512
626 39.61996158
626 39.61996158
627 39.85248236
627 39.85248236
629 40.16204828
629 40.16204828
630 40.15374362
630 40.15374362
632 40.39729809
632 40.39729809
633 40.57244618
633 40.57244618
634 40.89735226
634 40.89735226
636 40.96992041
636 40.96992041
637 41.15951026
637 41.15951026
639 41.15243308
639 41.15243308
640 41.47165605
640 41.47165605
642 41.58215377
642 41.58215377
643 41.67838454
643 41.67838454
644 41.74342574
644 41.74342574
646 42.39204722
646 42.39204722
647 42.46560215
647 42.46560215
649 43.08725629
649 43.08725629
650 43.19673003
650 43.19673003
651 43.47374138
651 43.47374138
653 44.02106293
653 44.02106293
654 44.2822107
654 44.2822107
656 44.53430222
656 44.53430222
657 44.74302282
657 44.74302282
659 45.18999769
659 45.18999769
660 45.24129048
660 45.24129048
662 45.78920526
662 45.78920526
663 45.77350468
663 45.77350468
665 46.25373965
665 46.25373965
666 46.5517589
666 46.5517589
667 46.93558794
667 46.93558794
669 47.10045901
669 47.10045901
670 47.13963641
670 47.13963641
672 47.91326115
672 47.91326115
673 48.05775534
673 48.05775534
675 48.39681255
675 48.39681255
676 48.34146688
676 48.34146688
678 48.74031904
678 48.74031904
679 49.04706543
679 49.04706543
681 49.26179446
681 49.26179446
682 49.53495706
682 49.53495706
684 49.73445668
684 49.73445668
685 50.09035906
685 50.09035906
687 50.09572136
687 50.09572136
688 50.48195954
688 50.48195954
690 50.47880914
690 50.47880914
691 50.97043287
691 50.97043287
693 51.10294568
693 51.10294568
694 51.23365277
694 51.23365277
696 51.63620719
696 51.63620719
697 51.79138577
697 51.79138577
699 51.75017556
699 51.75017556
700 52.00380711
700 52.00380711
702 52.31782685
702 52.31782685
703 52.39375458
703 52.39375458
705 52.73202899
705 52.73202899
707 52.82206029
707 52.82206029
708 53.07501792
708 53.07501792
710 53.33056867
710 53.33056867
711 53.25188204
711 53.25188204
713 53.31864528
713 53.31864528
714 53.91953852
714 53.91953852
716 53.74767887
716 53.74767887
717 54.05462442
717 54.05462442
719 54.20241432
719 54.20241432
720 54.53373162
720 54.53373162
722 54.85101626
722 54.85101626
723 54.57893933
723 54.57893933
725 54.96444885
725 54.96444885
726 54.86214548
726 54.86214548
728 55.59196663
728 55.59196663
729 55.34162057
729 55.34162057
731 55.63668953
731 55.63668953
732 56.01685823
732 56.01685823
734 55.86712754
734 55.86712754
736 56.18510789
736 56.18510789
737 56.3676
737 56.3676
739 56.59121495
739 56.59121495
740 56.87556641
740 56.87556641
742 57.00267257
742 57.00267257
743 57.14726387
743 57.14726387
745 57.55089152
745 57.55089152
746 57.66447334
746 57.66447334
748 57.84417883
748 57.84417883
749 58.01870081
749 58.01870081
751 58.17937488
751 58.17937488
753 58.47427038
753 58.47427038
754 58.53864084
754 58.53864084
756 58.98127912
756 58.98127912
757 59.02655323
757 59.02655323
759 59.16743784
759 59.16743784
760 59.48316613
760 59.48316613
762 59.56506969
762 59.56506969
763 59.75407101
763 59.75407101
765 59.90853614
765 59.90853614
767 60.03461035
767 60.03461035
768 60.09906912
768 60.09906912
770 60.35985197
770 60.35985197
771 60.38628383
771 60.38628383
773 60.72555894
773 60.72555894
774 60.63269838
774 60.63269838
776 61.2202443
776 61.2202443
777 61.27316175
777 61.27316175
779 61.07703367
779 61.07703367
780 61.22398275
780 61.22398275
782 61.50351234
782 61.50351234
784 61.83935807
784 61.83935807
785 61.72586521
785 61.72586521
787 61.51839413
787 61.51839413
788 61.9333581
788 61.9333581
790 62.09892565
790 62.09892565
791 61.99389886
791 61.99389886
793 62.25568675
793 62.25568675
795 62.56583424
795 62.56583424
796 62.77626432
796 62.77626432
798 63.11800403
798 63.11800403
799 63.27640315
799 63.27640315
801 63.39674381
801 63.39674381
802 64.05475431
802 64.05475431
804 64.00996423
804 64.00996423
806 64.29602038
806 64.29602038
807 64.75409487
807 64.75409487
809 64.76845029
809 64.76845029
811 65.16830246
811 65.16830246
812 65.176768
812 65.176768
814 65.62829323
814 65.62829323
815 65.6637837
815 65.6637837
817 66.03017372
817 66.03017372
819 66.03144629
819 66.03144629
820 66.61095966
820 66.61095966
822 66.83227072
822 66.83227072
824 67.01322602
824 67.01322602
825 67.20904469
825 67.20904469
827 67.36191359
827 67.36191359
828 67.59873758
828 67.59873758
830 68.0045111
830 68.0045111
832 68.36554046
832 68.36554046
833 68.78685226
833 68.78685226
835 68.96558857
835 68.96558857
837 68.75318806
837 68.75318806
838 69.11727363
838 69.11727363
840 69.29898942
840 69.29898942
841 69.6579185
841 69.6579185
843 70.13668024
843 70.13668024
845 70.38588455
845 70.38588455
846 70.77859919
846 70.77859919
848 70.97980242
848 70.97980242
850 71.09798584
850 71.09798584
851 71.56272834
851 71.56272834
853 71.79172519
853 71.79172519
854 71.90769102
854 71.90769102
856 72.35065589
856 72.35065589
858 72.67266505
858 72.67266505
859 72.77403743
859 72.77403743
861 73.24599525
861 73.24599525
862 73.42905156
862 73.42905156
864 73.66244823
864 73.66244823
866 74.18788269
866 74.18788269
867 74.25198925
867 74.25198925
869 74.57147735
869 74.57147735
871 74.80666908
871 74.80666908
872 75.22150633
872 75.22150633
874 75.17845594
874 75.17845594
875 75.69847959
875 75.69847959
877 76.04914224
877 76.04914224
879 76.26823186
879 76.26823186
880 76.71837266
880 76.71837266
882 77.05351206
882 77.05351206
883 77.13169574
883 77.13169574
885 77.45757245
885 77.45757245
887 77.6458708
887 77.6458708
888 78.20192193
888 78.20192193
890 78.39529674
890 78.39529674
892 78.36577039
892 78.36577039
893 78.9472592
893 78.9472592
895 79.38042539
895 79.38042539
896 79.55636879
896 79.55636879
898 79.49961683
898 79.49961683
900 79.59043789
900 79.59043789
901 79.89858414
901 79.89858414
903 80.27980891
903 80.27980891
905 80.40638369
905 80.40638369
906 80.44483338
906 80.44483338
908 80.3315416
908 80.3315416
910 80.37704124
910 80.37704124
912 80.40879576
912 80.40879576
913 80.51785691
913 80.51785691
915 80.6048752
915 80.6048752
917 80.39779742
917 80.39779742
918 80.42947829
918 80.42947829
920 80.3235821
920 80.3235821
922 80.31695036
922 80.31695036
923 80.26380075
923 80.26380075
925 80.33632771
925 80.33632771
927 80.13709067
927 80.13709067
929 80.21646726
929 80.21646726
930 79.98256515
930 79.98256515
932 79.83619351
932 79.83619351
934 80.00713381
934 80.00713381
936 80.04142384
936 80.04142384
937 79.83429945
937 79.83429945
939 79.7997619
939 79.7997619
941 79.84275509
941 79.84275509
943 79.64423947
943 79.64423947
944 79.51683131
944 79.51683131
946 79.48606311
946 79.48606311
948 79.56893599
948 79.56893599
950 79.09224491
950 79.09224491
952 79.1610322
952 79.1610322
954 79.06361071
954 79.06361071
956 78.98191663
956 78.98191663
958 78.69870387
958 78.69870387
959 78.39289216
959 78.39289216
961 78.55398334
961 78.55398334
963 78.53167841
963 78.53167841
965 78.33585783
965 78.33585783
968 78.0473065
968 78.0473065
970 77.88455004
970 77.88455004
972 77.57438309
972 77.57438309
974 77.52584785
974 77.52584785
976 77.43436489
976 77.43436489
978 77.34536797
978 77.34536797
980 76.91024239
980 76.91024239
983 76.6783146
983 76.6783146
985 76.58217226
985 76.58217226
987 76.57471956
987 76.57471956
989 76.18197268
989 76.18197268
992 75.96251033
992 75.96251033
994 75.91606838
994 75.91606838
996 75.38986426
996 75.38986426
999 75.36131499
999 75.36131499
1001 74.96591677
1001 74.96591677
1003 75.01243256
1003 75.01243256
1005 74.49177625
1005 74.49177625
1008 74.70353143
1008 74.70353143
1010 74.10216236
1010 74.10216236
1012 74.20530961
1012 74.20530961
1014 73.70257863
1014 73.70257863
1016 73.27728715
1016 73.27728715
1018 72.32636145
1018 72.32636145
1020 71.43524621
1020 71.43524621
1022 70.48518729
1022 70.48518729
1024 68.92978812
1024 68.92978812
1026 67.53092812
1026 67.53092812
1028 65.90114602
1028 65.90114602
1030 64.35259192
1030 64.35259192
1031 62.88873789
1031 62.88873789
1033 61.28260777
1033 61.28260777
1035 59.55106034
1035 59.55106034
1036 58.03539837
1036 58.03539837
1038 56.34714275
1038 56.34714275
1039 54.95416546
1039 54.95416546
1041 53.49880558
1041 53.49880558
1042 51.56444194
1042 51.56444194
1044 50.57007449
1044 50.57007449
1045 48.72548782
1045 48.72548782
1046 47.2344973
1046 47.2344973
1048 45.93503206
1048 45.93503206
1049 44.47255757
1049 44.47255757
1050 43.52318369
1050 43.52318369
1051 42.08984518
1051 42.08984518
1052 40.93110661
1052 40.93110661
1053 40.08209624
1053 40.08209624
1054 39.16959131
1054 39.16959131
1056 38.6359673
1056 38.6359673
1057 37.67496871
1057 37.67496871
1058 36.71654266
1058 36.71654266
1059 35.86946302
1059 35.86946302
1060 34.74288698
1060 34.74288698
1061 33.87139556
1061 33.87139556
1061 33.21681589
1061 33.21681589
1062 32.08010985
1062 32.08010985
1063 31.76482755
1063 31.76482755
1064 30.76831617
1064 30.76831617
1065 30.28696345
1065 30.28696345
1066 30.52849976
1066 30.52849976
1067 29.94884302
1067 29.94884302
1067 29.89937473
1067 29.89937473
1068 29.74871957
1068 29.74871957
1069 29.70076258
1069 29.70076258
1070 29.62006947
1070 29.62006947
1071 29.67244675
1071 29.67244675
1072 29.27537317
1072 29.27537317
1072 29.30241879
1072 29.30241879
1073 29.44426356
1073 29.44426356
1074 28.96296671
1074 28.96296671
1075 29.13353184
1075 29.13353184
1076 29.14177891
1076 29.14177891
1076 29.53779582
1076 29.53779582
1077 29.43061773
1077 29.43061773
1078 29.55051799
1078 29.55051799
1079 29.75315543
1079 29.75315543
1080 29.88927029
1080 29.88927029
1080 29.95638421
1080 29.95638421
1081 29.69469765
1081 29.69469765
1082 29.99105039
1082 29.99105039
1083 29.77788471
1083 29.77788471
1084 29.56505155
1084 29.56505155
1085 29.45375279
1085 29.45375279
1085 29.88510508
1085 29.88510508
1086 29.54412028
1086 29.54412028
1087 29.68490993
1087 29.68490993
1088 29.49440518
1088 29.49440518
1089 29.40697971
1089 29.40697971
1089 29.22711508
1089 29.22711508
1090 28.98534283
1090 28.98534283
1091 29.38005818
1091 29.38005818
1092 28.9438389
1092 28.9438389
1093 29.06923513
1093 29.06923513
1093 28.27521002
1093 28.27521002
1094 28.57436564
1094 28.57436564
1095 28.56166283
1095 28.56166283
1096 28.42096399
1096 28.42096399
1097 28.39078202
1097 28.39078202
1097 27.85358838
1097 27.85358838
1098 27.70363748
1098 27.70363748
1099 27.7518913
1099 27.7518913
1100 27.80732894
1100 27.80732894
1100 27.54281743
1100 27.54281743
1101 27.44732686
1101 27.44732686
1102 28.22941781
1102 28.22941781
1103 27.98379772
1103 27.98379772
1103 28.12675054
1103 28.12675054
1104 28.3163274
1104 28.3163274
1105 28.76257516
1105 28.76257516
1106 28.75189534
1106 28.75189534
1107 28.94937693
1107 28.94937693
1107 29.59350955
1107 29.59350955
1108 29.22888327
1108 29.22888327
1109 30.29555204
1109 30.29555204
1110 30.03207754
1110 30.03207754
1111 30.20138209
1111 30.20138209
1111 30.34867616
1111 30.34867616
1112 30.99151396
1112 30.99151396
1113 31.29818331
1113 31.29818331
1114 31.60995926
1114 31.60995926
1115 31.9231183
1115 31.9231183
1116 32.29461374
1116 32.29461374
1117 32.17683096
1117 32.17683096
1118 33.16294123
1118 33.16294123
1119 32.86007523
1119 32.86007523
1119 33.44319526
1119 33.44319526
1120 33.7921119
1120 33.7921119
1121 34.04691644
1121 34.04691644
1122 34.38278993
1122 34.38278993
1123 34.86866922
1123 34.86866922
1124 35.02027825
1124 35.02027825
1125 35.31396572
1125 35.31396572
1126 35.72089697
1126 35.72089697
1127 36.12609168
1127 36.12609168
1128 36.53727984
1128 36.53727984
1129 36.54833207
1129 36.54833207
1130 37.11406044
1130 37.11406044
1131 37.24482579
1131 37.24482579
1132 37.77616183
1132 37.77616183
1134 38.27182456
1134 38.27182456
1135 38.02357824
1135 38.02357824
1136 38.82730134
1136 38.82730134
1137 39.13425564
1137 39.13425564
1138 39.33009823
1138 39.33009823
1139 40.08384557
1139 40.08384557
1140 40.16543644
1140 40.16543644
1141 40.40713163
1141 40.40713163
1142 40.64442153
1142 40.64442153
1143 41.39597795
1143 41.39597795
1145 41.23048439
1145 41.23048439
1146 41.72170749
1146 41.72170749
1147 42.15547406
1147 42.15547406
1148 42.27995771
1148 42.27995771
1149 42.74133486
1149 42.74133486
1150 43.01117406
1150 43.01117406
1152 43.34467101
1152 43.34467101
1153 43.94889378
1153 43.94889378
1154 44.11713206
1154 44.11713206
1155 44.40376868
1155 44.40376868
1156 44.76516114
1156 44.76516114
1158 45.13888445
1158 45.13888445
1159 45.54151785
1159 45.54151785
1160 45.66848812
1160 45.66848812
1161 46.28288517
1161 46.28288517
1162 46.68001956
1162 46.68001956
1164 46.90264744
1164 46.90264744
1165 47.12447724
1165 47.12447724
1166 47.52313431
1166 47.52313431
1167 48.01918619
1167 48.01918619
1169 48.19199825
1169 48.19199825
1170 48.62530628
1170 48.62530628
1171 49.08953166
1171 49.08953166
1172 49.15424719
1172 49.15424719
1174 49.86524325
1174 49.86524325
1175 49.68249747
1175 49.68249747
1176 50.20958174
1176 50.20958174
1177 50.61609478
1177 50.61609478
1179 50.90189223
1179 50.90189223
1180 51.3179718
1180 51.3179718
1181 51.33401753
1181 51.33401753
1183 51.97164299
1183 51.97164299
1184 52.16484499
1184 52.16484499
1185 52.60003362
1185 52.60003362
1187 52.88600912
1187 52.88600912
1188 53.27634276
1188 53.27634276
1189 53.53108161
1189 53.53108161
1190 53.729639
1190 53.729639
1192 54.07073314
1192 54.07073314
1193 54.3739543
1193 54.3739543
1194 54.5653986
1194 54.5653986
1196 55.08803064
1196 55.08803064
1197 55.15895352
1197 55.15895352
1198 55.78449687
1198 55.78449687
1200 55.88649854
1200 55.88649854
1201 56.30295081
1201 56.30295081
1202 56.50549995
1202 56.50549995
1204 56.97051359
1204 56.97051359
1205 57.09798877
1205 57.09798877
1206 57.34546729
1206 57.34546729
1208 57.84659815
1208 57.84659815
1209 57.9847897
1209 57.9847897
1210 58.07376242
1210 58.07376242
1212 58.8571846
1212 58.8571846
1213 58.97777678
1213 58.97777678
1214 59.21977134
1214 59.21977134
1216 59.52465237
1216 59.52465237
1217 60.09793557
1217 60.09793557
1218 60.21351918
1218 60.21351918
1220 60.68990099
1220 60.68990099
1221 60.95750315
1221 60.95750315
1223 61.22215708
1223 61.22215708
1224 61.56874883
1224 61.56874883
1225 61.99642627
1225 61.99642627
1227 62.21729299
1227 62.21729299
1228 62.39530543
1228 62.39530543
1230 62.64915911
1230 62.64915911
1231 62.71846681
1231 62.71846681
1232 62.90512417
1232 62.90512417
1234 63.13976075
1234 63.13976075
1235 63.34625776
1235 63.34625776
1237 63.4291291
1237 63.4291291
1238 63.55818033
1238 63.55818033
1240 64.03583973
1240 64.03583973
1241 64.231994
1241 64.231994
1242 64.32722096
1242 64.32722096
1244 64.53307441
1244 64.53307441
1245 64.71984282
1245 64.71984282
1247 64.9832252
1247 64.9832252
1248 65.21236869
1248 65.21236869
1250 65.21895784
1250 65.21895784
1251 65.64299163
1251 65.64299163
1252 65.4651231
1252 65.4651231
1254 65.72421535
1254 65.72421535
1255 65.78238747
1255 65.78238747
1257 65.99289001
1257 65.99289001
1258 66.25286705
1258 66.25286705
1260 66.38426863
1260 66.38426863
1261 66.50898583
1261 66.50898583
1263 66.73901028
1263 66.73901028
1264 66.68796582
1264 66.68796582
1266 66.62004856
1266 66.62004856
1267 66.61862699
1267 66.61862699
1269 66.45649151
1269 66.45649151
1270 66.6309301
1270 66.6309301
1272 66.306038
1272 66.306038
1273 66.3473368
1273 66.3473368
1275 66.18114847
1275 66.18114847
1276 65.94197189
1276 65.94197189
1278 65.87602769
1278 65.87602769
1279 65.73344866
1279 65.73344866
1281 65.80908284
1281 65.80908284
1282 65.44300741
1282 65.44300741
1283 65.39394561
1283 65.39394561
1285 65.06974074
1285 65.06974074
1286 65.32571096
1286 65.32571096
1288 65.04865296
1288 65.04865296
1289 65.34422086
1289 65.34422086
1291 65.23992003
1291 65.23992003
1292 65.37268037
1292 65.37268037
1294 65.30167366
1294 65.30167366
1295 65.52719429
1295 65.52719429
1297 65.27552792
1297 65.27552792
1298 65.28405035
1298 65.28405035
1300 65.41309891
1300 65.41309891
1301 65.45622159
1301 65.45622159
1302 65.70862486
1302 65.70862486
1304 65.94295448
1304 65.94295448
1305 65.93913066
1305 65.93913066
1307 65.92672845
1307 65.92672845
1308 66.53871404
1308 66.53871404
1310 66.41673192
1310 66.41673192
1311 66.8898821
1311 66.8898821
1313 66.80259906
1313 66.80259906
1314 66.66628798
1314 66.66628798
1316 66.93519685
1316 66.93519685
1317 66.94375159
1317 66.94375159
1319 66.97480494
1319 66.97480494
1321 67.17345435
1321 67.17345435
1322 66.89996702
1322 66.89996702
1324 67.16320096
1324 67.16320096
1325 66.80716318
1325 66.80716318
1327 66.89854188
1327 66.89854188
1328 66.66135283
1328 66.66135283
1330 66.76571189
1330 66.76571189
1332 66.45339917
1332 66.45339917
1333 66.4492864
1333 66.4492864
1335 66.41485637
1335 66.41485637
1336 66.51922775
1336 66.51922775
1338 65.8420536
1338 65.8420536
1340 66.02590086
1340 66.02590086
1341 65.89806094
1341 65.89806094
1343 65.83872702
1343 65.83872702
1344 65.74104253
1344 65.74104253
1346 65.58355734
1346 65.58355734
1348 65.52865535
1348 65.52865535
1349 65.8036274
1349 65.8036274
1351 65.70576154
1351 65.70576154
1353 65.69168166
1353 65.69168166
1354 65.66356619
1354 65.66356619
1356 65.6576078
1356 65.6576078
1358 65.82108948
1358 65.82108948
1359 65.91383568
1359 65.91383568
1361 65.85005713
1361 65.85005713
1363 65.92112319
1363 65.92112319
1365 66.02182138
1365 66.02182138
1366 66.33093923
1366 66.33093923
1368 66.40258869
1368 66.40258869
1370 66.36229035
1370 66.36229035
1372 66.62208557
1372 66.62208557
1373 66.71719798
1373 66.71719798
1375 66.98918681
1375 66.98918681
1377 66.78075847
1377 66.78075847
1379 67.08351129
1379 67.08351129
1380 67.36342742
1380 67.36342742
1382 67.45604207
1382 67.45604207
1384 67.20280926
1384 67.20280926
1386 67.43855699
1386 67.43855699
1388 67.82160135
1388 67.82160135
1390 67.91234515
1390 67.91234515
1391 68.14048862
1391 68.14048862
1393 67.86628014
1393 67.86628014
1395 68.58341739
1395 68.58341739
1397 68.24975586
1397 68.24975586
1399 68.10401886
1399 68.10401886
1401 68.35440123
1401 68.35440123
1403 68.27612411
1403 68.27612411
1405 68.32052575
1405 68.32052575
1407 68.62158708
1407 68.62158708
1409 68.71373127
1409 68.71373127
1410 68.63636306
1410 68.63636306
1412 68.44713474
1412 68.44713474
1414 68.877439
1414 68.877439
1416 68.71941368
1416 68.71941368
1418 68.85972193
1418 68.85972193
1420 68.99300143
1420 68.99300143
1422 68.93604106
1422 68.93604106
1424 68.84315607
1424 68.84315607
1426 68.80721567
1426 68.80721567
1427 69.31017793
1427 69.31017793
1429 69.59347495
1429 69.59347495
1431 69.18219931
1431 69.18219931
1433 69.36533445
1433 69.36533445
1435 69.47657295
1435 69.47657295
1436 69.74262358
1436 69.74262358
1438 69.93584725
1438 69.93584725
1440 70.00592477
1440 70.00592477
1442 70.06264555
1442 70.06264555
1443 70.27369988
1443 70.27369988
1445 70.34473291
1445 70.34473291
1447 70.57752453
1447 70.57752453
1449 70.86763392
1449 70.86763392
1450 71.00978873
1450 71.00978873
1452 71.06551911
1452 71.06551911
1454 71.04761344
1454 71.04761344
1455 70.85331563
1455 70.85331563
1457 71.21019701
1457 71.21019701
1459 71.0684475
1459 71.0684475
1460 71.30059515
1460 71.30059515
1462 71.5245768
1462 71.5245768
1464 71.49562445
1464 71.49562445
1465 71.83805804
1465 71.83805804
1467 71.80623342
1467 71.80623342
1469 72.52737975
1469 72.52737975
1470 72.5294723
1470 72.5294723
1472 72.7488877
1472 72.7488877
1474 72.80335715
1474 72.80335715
1475 73.25851837
1475 73.25851837
1477 73.51395036
1477 73.51395036
1479 73.87056424
1479 73.87056424
1480 74.20614224
1480 74.20614224
1482 74.00133474
1482 74.00133474
1484 74.50508772
1484 74.50508772
1485 74.6655318
1485 74.6655318
1487 74.90049775
1487 74.90049775
1489 75.25001669
1489 75.25001669
1490 75.41682697
1490 75.41682697
1492 75.74540593
1492 75.74540593
1494 76.0551339
1494 76.0551339
1495 76.03294342
1495 76.03294342
1497 76.50180823
1497 76.50180823
1499 76.40557351
1499 76.40557351
1500 76.3002363
1500 76.3002363
1502 76.46888164
1502 76.46888164
1504 75.82051697
1504 75.82051697
1505 75.99881655
1505 75.99881655
1507 75.64229409
1507 75.64229409
1509 75.01179211
1509 75.01179211
1510 74.17380273
1510 74.17380273
1512 73.47748462
1512 73.47748462
1514 71.93058368
1514 71.93058368
1515 70.95548124
1515 70.95548124
1517 69.55686523
1517 69.55686523
1518 68.16549291
1518 68.16549291
1520 66.71729917
1520 66.71729917
1521 65.79261589
1521 65.79261589
1523 64.82915018
1523 64.82915018
1524 63.8526188
1524 63.8526188
1526 62.99029453
1526 62.99029453
1527 62.18582751
1527 62.18582751
1529 61.55948402
1529 61.55948402
1531 60.17895478
1531 60.17895478
1532 59.71331498
1532 59.71331498
1534 58.59914132
1534 58.59914132
1535 58.30445952
1535 58.30445952
1537 56.83911469
1537 56.83911469
1538 56.1938649
1538 56.1938649
1540 55.5550147
1540 55.5550147
1541 54.43071148
1541 54.43071148
1543 54.15346345
1543 54.15346345
1545 53.12194425
1545 53.12194425
1546 52.71643375
1546 52.71643375
1548 51.87516744
1548 51.87516744
1549 51.33875546
1549 51.33875546
1551 51.11746792
1551 51.11746792
1553 51.06078086
1553 51.06078086
1555 50.64263004
1555 50.64263004
1556 50.5446171
1556 50.5446171
1558 50.43496389
1558 50.43496389
1560 50.01596362
1560 50.01596362
1563 49.94542566
1563 49.94542566
1565 49.49984412
1565 49.49984412
1568 49.10416706
1568 49.10416706
1571 48.82195226
1571 48.82195226
1575 48.70861514
1575 48.70861514
1578 48.60697283
1578 48.60697283
1582 48.27245217
1582 48.27245217
1586 48.10116538
1586 48.10116538
1589 47.74361902
1589 47.74361902
1592 47.47706876
1592 47.47706876
1594 47.24058042
1594 47.24058042
1597 46.8279327
1597 46.8279327
1599 46.63901988
1599 46.63901988
1601 46.41640128
1601 46.41640128
1603 46.29030113
1603 46.29030113
1605 46.27246301
1605 46.27246301
1607 46.05847777
1607 46.05847777
1609 46.15890997
1609 46.15890997
1611 45.92608928
1611 45.92608928
1613 46.22368308
1613 46.22368308
1615 46.21241638
1615 46.21241638
1617 46.28858605
1617 46.28858605
1619 46.47360784
1619 46.47360784
1621 46.65623677
1621 46.65623677
1622 46.75093013
1622 46.75093013
1624 46.86054766
1624 46.86054766
1626 46.78492095
1626 46.78492095
1628 47.09325364
1628 47.09325364
1629 47.61841962
1629 47.61841962
1631 47.65357599
1631 47.65357599
1633 48.05778292
1633 48.05778292
1635 48.49653047
1635 48.49653047
1636 48.6007848
1636 48.6007848
1638 49.04941854
1638 49.04941854
1640 49.21535598
1640 49.21535598
1642 49.57430695
1642 49.57430695
1643 49.79950532
1643 49.79950532
1645 49.84843511
1645 49.84843511
1647 50.58296463
1647 50.58296463
1648 50.7422404
1648 50.7422404
1650 51.01719479
1650 51.01719479
1652 51.38474869
1652 51.38474869
1653 51.59558717
1653 51.59558717
1655 51.85868322
1655 51.85868322
1657 52.14252601
1657 52.14252601
1658 52.75366259
1658 52.75366259
1660 52.73336197
1660 52.73336197
1662 53.2056842
1662 53.2056842
1663 53.31206832
1663 53.31206832
1665 53.72660895
1665 53.72660895
1666 53.97468635
1666 53.97468635
1668 54.25524335
1668 54.25524335
1670 54.51388036
1670 54.51388036
1671 54.94774018
1671 54.94774018
1673 55.34148049
1673 55.34148049
1675 55.32763862
1675 55.32763862
1676 55.73568185
1676 55.73568185
1678 55.95938291
1678 55.95938291
1680 56.24623494
1680 56.24623494
1681 56.5008638
1681 56.5008638
1683 56.75767599
1683 56.75767599
1684 57.2688007
1684 57.2688007
1686 57.55869562
1686 57.55869562
1688 57.81628314
1688 57.81628314
1689 58.02789299
1689 58.02789299
1691 58.27635168
1691 58.27635168
1693 58.71028304
1693 58.71028304
1694 58.97033439
1694 58.97033439
1696 59.31368384
1696 59.31368384
1698 59.66372186
1698 59.66372186
1699 59.89610416
1699 59.89610416
1701 60.18947026
1701 60.18947026
1703 60.63778088
1703 60.63778088
1704 60.74397012
1704 60.74397012
1706 61.23852104
1706 61.23852104
1707 61.30879516
1707 61.30879516
1709 61.63899781
1709 61.63899781
1711 61.9337181
1711 61.9337181
1712 62.45783852
1712 62.45783852
1714 62.78445902
1714 62.78445902
1716 62.78396872
1716 62.78396872
1717 63.56331461
1717 63.56331461
1719 63.62255259
1719 63.62255259
1721 63.90035341
1721 63.90035341
1722 64.08775992
1722 64.08775992
1724 64.80610356
1724 64.80610356
1725 65.07025174
1725 65.07025174
1727 65.39217239
1727 65.39217239
1729 65.51499867
1729 65.51499867
1730 66.08553246
1730 66.08553246
1732 66.32285994
1732 66.32285994
1734 66.50337548
1734 66.50337548
1735 66.72270861
1735 66.72270861
1737 67.43689521
1737 67.43689521
1739 67.45225788
1739 67.45225788
1740 67.97311517
1740 67.97311517
1742 68.0457688
1742 68.0457688
1744 68.67336719
1744 68.67336719
1745 68.71217511
1745 68.71217511
1747 69.25982733
1747 69.25982733
1749 69.31025865
1749 69.31025865
1750 70.00651041
1750 70.00651041
1752 70.09939925
1752 70.09939925
1754 70.41532291
1754 70.41532291
1755 70.69815812
1755 70.69815812
1757 71.06385836
1757 71.06385836
1759 71.55766353
1759 71.55766353
1760 71.45305676
1760 71.45305676
1762 72.11186119
1762 72.11186119
1764 72.38216282
1764 72.38216282
1766 72.69065962
1766 72.69065962
1767 73.16993239
1767 73.16993239
1769 73.43175824
1769 73.43175824
1771 73.63942426
1771 73.63942426
1773 74.09868594
1773 74.09868594
1774 74.09298367
1774 74.09298367
1776 74.28857911
1776 74.28857911
1778 74.11536179
1778 74.11536179
1780 74.09209215
1780 74.09209215
1782 74.16092082
1782 74.16092082
1783 73.90673249
1783 73.90673249
1785 73.89080031
1785 73.89080031
1787 73.83385744
1787 73.83385744
1789 73.78812185
1789 73.78812185
1790 73.27743996
1790 73.27743996
1792 73.42717395
1792 73.42717395
1794 73.42688138
1794 73.42688138
1796 73.22222864
1796 73.22222864
1798 73.00334265
1798 73.00334265
1799 72.79825201
1799 72.79825201
1801 72.5904073
1801 72.5904073
1803 72.40584604
1803 72.40584604
1805 72.61583187
1805 72.61583187
1807 72.10517657
1807 72.10517657
1808 72.28264611
1808 72.28264611
1810 71.86194204
1810 71.86194204
1812 71.8870919
1812 71.8870919
1814 72.09837974
1814 72.09837974
1816 71.85174309
1816 71.85174309
1817 71.6480249
1817 71.6480249
1819 71.99379056
1819 71.99379056
1821 72.30714839
1821 72.30714839
1823 72.07889135
1823 72.07889135
1825 72.25355249
1825 72.25355249
1826 72.3604163
1826 72.3604163
1828 72.52992997
1828 72.52992997
1830 72.73237193
1830 72.73237193
1832 72.75339174
1832 72.75339174
1834 73.0869782
1834 73.0869782
1836 73.45957723
1836 73.45957723
1838 73.42667755
1838 73.42667755
1840 73.3659744
1840 73.3659744
1841 73.75038141
1841 73.75038141
1843 73.92475096
1843 73.92475096
1845 73.93840236
1845 73.93840236
1847 74.09549587
1847 74.09549587
1849 74.18401545
1849 74.18401545
1851 74.30656755
1851 74.30656755
1853 74.59677945
1853 74.59677945
1855 74.51156102
1855 74.51156102
1857 74.80283603
1857 74.80283603
1859 74.55097348
1859 74.55097348
1861 74.89383607
1861 74.89383607
1862 75.0276671
1862 75.0276671
1864 75.24878912
1864 75.24878912
1866 75.33127345
1866 75.33127345
1868 75.12249865
1868 75.12249865
1870 75.51733105
1870 75.51733105
1872 75.66748224
1872 75.66748224
1874 75.89788936
1874 75.89788936
1876 75.74031733
1876 75.74031733
1878 75.81403048
1878 75.81403048
1879 75.80847956
1879 75.80847956
1881 75.92017143
1881 75.92017143
1883 75.83143403
1883 75.83143403
1885 75.38022105
1885 75.38022105
1887 75.56602449
1887 75.56602449
1889 75.14820976
1889 75.14820976
1891 75.10334333
1891 75.10334333
1892 74.97980049
1892 74.97980049
1894 75.21807271
1894 75.21807271
1896 75.44664552
1896 75.44664552
1898 75.2049154
1898 75.2049154
1900 75.1846404
1900 75.1846404
1901 75.46323166
1901 75.46323166
1903 75.19952348
1903 75.19952348
1905 75.43359404
1905 75.43359404
1907 75.46070238
1907 75.46070238
1909 75.0631195
1909 75.0631195
1910 75.22706746
1910 75.22706746
1912 75.39494215
1912 75.39494215
1914 75.41929105
1914 75.41929105
1916 75.67436467
1916 75.67436467
1917 75.69811931
1917 75.69811931
1919 75.88770429
1919 75.88770429
1921 76.09871659
1921 76.09871659
1923 76.05521327
1923 76.05521327
1924 75.88441107
1924 75.88441107
1926 75.57785732
1926 75.57785732
1928 75.65875963
1928 75.65875963
1930 75.45473348
1930 75.45473348
1932 75.47138828
1932 75.47138828
1933 74.96192454
1933 74.96192454
1935 74.89087823
1935 74.89087823
1937 74.93092019
1937 74.93092019
1938 74.50411464
1938 74.50411464
1940 74.82621157
1940 74.82621157
1942 74.57431137
1942 74.57431137
1944 74.36591983
1944 74.36591983
1945 74.76666387
1945 74.76666387
1947 74.82064892
1947 74.82064892
1949 74.84645678
1949 74.84645678
1951 74.83692011
1951 74.83692011
1953 75.16440533
1953 75.16440533
1954 75.42752824
1954 75.42752824
1956 75.15295156
1956 75.15295156
1958 75.45873645
1958 75.45873645
1960 75.30983838
1960 75.30983838
1962 75.51835642
1962 75.51835642
1964 75.52503896
1964 75.52503896
1966 75.66411827
1966 75.66411827
1968 75.64311535
1968 75.64311535
1970 75.70909558
1970 75.70909558
1972 76.115481
1972 76.115481
1974 75.71908365
1974 75.71908365
1976 75.77492598
1976 75.77492598
1978 75.47150625
1978 75.47150625
1980 75.46297589
1980 75.46297589
1982 75.36705815
1982 75.36705815
1984 75.38460007
1984 75.38460007
1986 75.06974866
1986 75.06974866
1988 75.11115202
1988 75.11115202
1990 75.02728054
1990 75.02728054
1992 74.42990282
1992 74.42990282
1995 74.77250894
1995 74.77250894
1997 74.30936645
1997 74.30936645
1999 74.09170022
1999 74.09170022
2001 74.06005343
2001 74.06005343
2003 73.92685156
2003 73.92685156
2005 73.50397713
2005 73.50397713
2008 73.49851789
2008 73.49851789
2010 73.02094977
2010 73.02094977
2012 73.00593303
2012 73.00593303
2014 72.65242879
2014 72.65242879
2016 72.46280954
2016 72.46280954
2018 72.7546288
2018 72.7546288
2020 72.36023232
2020 72.36023232
2022 72.13397927
2022 72.13397927
2024 72.17493279
2024 72.17493279
2026 71.86006462
2026 71.86006462
2028 71.72621565
2028 71.72621565
2030 71.75102179
2030 71.75102179
2032 71.84047944
2032 71.84047944
2034 71.87888782
2034 71.87888782
2036 71.81223204
2036 71.81223204
2038 72.14958097
2038 72.14958097
2040 71.836747
2040 71.836747
2042 71.83777774
2042 71.83777774
2044 71.99611732
2044 71.99611732
2046 72.13580777
2046 72.13580777
2048 71.94573358
2048 71.94573358
2050 72.0805023
2050 72.0805023
2052 72.05027973
2052 72.05027973
2054 71.89694223
2054 71.89694223
2056 72.19066353
2056 72.19066353
2058 72.08543319
2058 72.08543319
2060 72.50968189
2060 72.50968189
2062 72.7265275
2062 72.7265275
2064 72.8142695
2064 72.8142695
2066 73.03885757
2066 73.03885757
2067 73.22977636
2067 73.22977636
2069 73.55324338
2069 73.55324338
2071 73.73229996
2071 73.73229996
2073 73.90943705
2073 73.90943705
2075 74.2192292
2075 74.2192292
2077 74.52471965
2077 74.52471965
2079 74.48406863
2079 74.48406863
2080 74.81200323
2080 74.81200323
2082 75.07411751
2082 75.07411751
2084 75.47057332
2084 75.47057332
2086 75.42402799
2086 75.42402799
2088 75.76553966
2088 75.76553966
2089 75.79381643
2089 75.79381643
2091 76.28066309
2091 76.28066309
2093 76.41163604
2093 76.41163604
2095 76.74310544
2095 76.74310544
2097 77.06013004
2097 77.06013004
2098 77.09556169
2098 77.09556169
2100 77.34755851
2100 77.34755851
2102 77.5273444
2102 77.5273444
2104 77.80254338
2104 77.80254338
2105 77.90240232
2105 77.90240232
2107 78.20770882
2107 78.20770882
2109 78.48327182
2109 78.48327182
2111 78.70783115
2111 78.70783115
2112 78.88582299
2112 78.88582299
2114 79.2296407
2114 79.2296407
2116 79.21525629
2116 79.21525629
2118 79.4246469
2118 79.4246469
2119 79.68976792
2119 79.68976792
2121 79.77731311
2121 79.77731311
2123 80.06602899
2123 80.06602899
2125 80.4008722
2125 80.4008722
2126 80.40739911
2126 80.40739911
2128 80.58160115
2128 80.58160115
2130 80.90360254
2130 80.90360254
2132 81.09092368
2132 81.09092368
2133 81.16579824
2133 81.16579824
2135 81.64669236
2135 81.64669236
2137 81.50996686
2137 81.50996686
2138 81.98741466
2138 81.98741466
2140 82.10143357
2140 82.10143357
2142 82.30707666
2142 82.30707666
2144 82.50881494
2144 82.50881494
2145 82.75898331
2145 82.75898331
2147 82.88482176
2147 82.88482176
2149 82.95653852
2149 82.95653852
2151 83.02171948
2151 83.02171948
2152 83.25418456
2152 83.25418456
2154 83.3617234
2154 83.3617234
2156 83.46242584
2156 83.46242584
2157 83.61161295
2157 83.61161295
2159 83.76974712
2159 83.76974712
2161 83.91284345
2161 83.91284345
2163 84.11913921
2163 84.11913921
2164 84.2293263
2164 84.2293263
2166 84.33584287
2166 84.33584287
2168 84.53894745
2168 84.53894745
2170 84.67889081
2170 84.67889081
2171 84.59664971
2171 84.59664971
2173 84.59512713
2173 84.59512713
2175 84.73266379
2175 84.73266379
2177 84.63591869
2177 84.63591869
2178 84.70834203
2178 84.70834203
2180 84.91077994
2180 84.91077994
2182 84.89884718
2182 84.89884718
2184 85.12376327
2184 85.12376327
2185 85.18431389
2185 85.18431389
2187 85.5215718
2187 85.5215718
2189 85.71270396
2189 85.71270396
2191 85.85888709
2191 85.85888709
2193 86.17276667
2193 86.17276667
2195 86.37513531
2195 86.37513531
2197 86.47442871
2197 86.47442871
2198 86.68778703
2198 86.68778703
2200 86.95070656
2200 86.95070656
2202 87.19520961
2202 87.19520961
2204 87.19886343
2204 87.19886343
2206 87.67813525
2206 87.67813525
2208 87.77577584
2208 87.77577584
2210 88.00967626
2210 88.00967626
2212 88.09155795
2212 88.09155795
2214 88.47325985
2214 88.47325985
2217 88.6178793
2217 88.6178793
2219 88.63944884
2219 88.63944884
2221 88.91050594
2221 88.91050594
2223 89.29845485
2223 89.29845485
2225 89.24740319
2225 89.24740319
2227 89.48806711
2227 89.48806711
2229 89.54069493
2229 89.54069493
2232 89.98476927
2232 89.98476927
2234 90.03249587
2234 90.03249587
2236 90.27289201
2236 90.27289201
2238 90.4439033
2238 90.4439033
2240 90.64031065
2240 90.64031065
2243 90.81638855
2243 90.81638855
2245 91.15737167
2245 91.15737167
2247 91.12839521
2247 91.12839521
2250 91.12803569
2250 91.12803569
2252 91.49984597
2252 91.49984597
2254 91.80930495
2254 91.80930495
2256 91.82987993
2256 91.82987993
2259 92.02315256
2259 92.02315256
2261 92.22886332
2261 92.22886332
2263 92.58163457
2263 92.58163457
2266 92.50843419
2266 92.50843419
2268 92.86561932
2268 92.86561932
2270 92.96302305
2270 92.96302305
2273 92.91965925
2273 92.91965925
2275 93.32983258
2275 93.32983258
2277 92.90203343
2277 92.90203343
2280 93.22540699
2280 93.22540699
2282 93.0550731
2282 93.0550731
2285 93.1028892
2285 93.1028892
2287 93.15888258
2287 93.15888258
2289 92.96939531
2289 92.96939531
2292 92.94345732
2292 92.94345732
2294 92.89755872
2294 92.89755872
2296 92.48582906
2296 92.48582906
2299 92.48024945
2299 92.48024945
2301 92.28819956
2301 92.28819956
2303 92.3207278
2303 92.3207278
2305 92.11962546
2305 92.11962546
2308 91.79614264
2308 91.79614264
2310 91.43397094
2310 91.43397094
2312 91.10809649
2312 91.10809649
2315 90.67578591
2315 90.67578591
2317 90.0482502
2317 90.0482502
2319 89.43056053
2319 89.43056053
2321 88.2762816
2321 88.2762816
2324 87.59151644
2324 87.59151644
2326 86.57923672
2326 86.57923672
2328 85.89465691
2328 85.89465691
2330 85.09967715
2330 85.09967715
2332 84.52793202
2332 84.52793202
2334 83.61544726
2334 83.61544726
2336 82.7717413
2336 82.7717413
2339 82.46294436
2339 82.46294436
2341 81.8427074
2341 81.8427074
2343 81.25632887
2343 81.25632887
2345 80.7789315
2345 80.7789315
2347 80.20917636
2347 80.20917636
2349 79.61551858
2349 79.61551858
2351 79.36305796
2351 79.36305796
2353 79.23381239
2353 79.23381239
2355 78.97247442
2355 78.97247442
2357 78.68495061
2357 78.68495061
2359 78.80618274
2359 78.80618274
2361 78.47121329
2361 78.47121329
2363 78.27285077
2363 78.27285077
2365 78.17628239
2365 78.17628239
2367 77.98115263
2367 77.98115263
2369 77.78453598
2369 77.78453598
2371 77.60931652
2371 77.60931652
2373 77.46291134
2373 77.46291134
2375 77.34951218
2375 77.34951218
2377 77.2127568
2377 77.2127568
2379 76.90848174
2379 76.90848174
2381 76.88388175
2381 76.88388175
2383 76.54009097
2383 76.54009097
2385 76.42719733
2385 76.42719733
2387 75.94114398
2387 75.94114398
2389 75.88232006
2389 75.88232006
2391 76.04260621
2391 76.04260621
2393 75.27022998
2393 75.27022998
2395 74.9835832
2395 74.9835832
2397 74.86430523
2397 74.86430523
2399 74.12968406
2399 74.12968406
2400 74.05193613
2400 74.05193613
2402 73.60109687
2402 73.60109687
2404 73.38297947
2404 73.38297947
2406 73.25238054
2406 73.25238054
2408 72.81095483
2408 72.81095483
2410 72.58415546
2410 72.58415546
2412 72.21662355
2412 72.21662355
2414 71.59585435
2414 71.59585435
2416 71.24540617
2416 71.24540617
2418 70.95925785
2418 70.95925785
2420 70.69380533
2420 70.69380533
2422 70.39349313
2422 70.39349313
2423 70.39873636
2423 70.39873636
2425 69.8871653
2425 69.8871653
2427 69.76954704
2427 69.76954704
2429 69.19855089
2429 69.19855089
2431 69.27665331
2431 69.27665331
2433 68.99020592
2433 68.99020592
2435 68.95221229
2435 68.95221229
2436 68.80340487
2436 68.80340487
2438 68.74841796
2438 68.74841796
2440 68.33411478
2440 68.33411478
2442 67.95985165
2442 67.95985165
2444 67.85972113
2444 67.85972113
2446 67.57734128
2446 67.57734128
2448 67.30133695
2448 67.30133695
2449 66.78879992
2449 66.78879992
2451 66.35787739
2451 66.35787739
2453 65.79319822
2453 65.79319822
2455 65.31033567
2455 65.31033567
2457 64.48138386
2457 64.48138386
2459 63.81525366
2459 63.81525366
2460 63.3454375
2460 63.3454375
2462 62.66091902
2462 62.66091902
2464 61.92639963
2464 61.92639963
2466 60.84672835
2466 60.84672835
2468 60.3515758
2468 60.3515758
2469 59.3907973
2469 59.3907973
2471 58.6573308
2471 58.6573308
2473 57.80588733
2473 57.80588733
2475 56.73475285
2475 56.73475285
2477 55.88299702
2477 55.88299702
2478 55.61584981
2478 55.61584981
2480 55.00969173
2480 55.00969173
2482 54.08416743
2482 54.08416743
2484 52.91093893
2484 52.91093893
2486 52.21414052
2486 52.21414052
2488 52.07209225
2488 52.07209225
2490 51.20677628
2490 51.20677628
2492 49.95097198
2492 49.95097198
2494 49.195122
2494 49.195122
2496 48.54754695
2496 48.54754695
2498 47.9123346
2498 47.9123346
2500 47.32112309
2500 47.32112309
2503 46.55187685
2503 46.55187685
2506 46.11856458
2506 46.11856458
2508 45.09778482
2508 45.09778482
2510 44.80198576
2510 44.80198576
2513 44.10048021
2513 44.10048021
2514 43.58733774
2514 43.58733774
2516 42.99569143
2516 42.99569143
2518 42.58210795
2518 42.58210795
2519 42.4513056
2519 42.4513056
2520 42.30223267
2520 42.30223267
2522 41.91365624
2522 41.91365624
2523 41.39495347
2523 41.39495347
2524 41.31296937
2524 41.31296937
2525 41.17754381
2525 41.17754381
2526 41.20617325
2526 41.20617325
2527 41.21726245
2527 41.21726245
2528 41.19916555
2528 41.19916555
2529 40.9994529
2529 40.9994529
2530 40.85264241
2530 40.85264241
2531 40.90581793
2531 40.90581793
2532 40.84267732
2532 40.84267732
2532 40.61188999
2532 40.61188999
2533 40.53804038
2533 40.53804038
2534 40.63677866
2534 40.63677866
2535 40.71906876
2535 40.71906876
2536 40.45998591
2536 40.45998591
2537 40.53708954
2537 40.53708954
2538 40.39740047
2538 40.39740047
2538 40.36283824
2538 40.36283824
2539 40.43377463
2539 40.43377463
2540 40.46872159
2540 40.46872159
2541 40.51514463
2541 40.51514463
2541 40.3448439
2541 40.3448439
2542 40.35997948
2542 40.35997948
2543 40.39950664
2543 40.39950664
2544 40.30250969
2544 40.30250969
2544 40.39905388
2544 40.39905388
2545 40.35581016
2545 40.35581016
2546 40.23397416
2546 40.23397416
2546 40.43568042
2546 40.43568042
2547 40.25569017
2547 40.25569017
2548 40.31057509
2548 40.31057509
2549 40.33800568
2549 40.33800568
2549 40.17436221
2549 40.17436221
2550 40.21091661
2550 40.21091661
2551 40.11839157
2551 40.11839157
2551 40.17448207
2551 40.17448207
2552 40.2237117
2552 40.2237117
2553 40.11509156
2553 40.11509156
2553 40.12938086
2553 40.12938086
2554 39.97242042
2554 39.97242042
2555 40.00569831
2555 40.00569831
2555 39.97780969
2555 39.97780969
2556 39.84624454
2556 39.84624454
2556 39.85851392
2556 39.85851392
2557 39.82819371
2557 39.82819371
2558 39.74113134
2558 39.74113134
2558 39.8358992
2558 39.8358992
2559 39.85674875
2559 39.85674875
2560 39.58830834
2560 39.58830834
2560 39.45935087
2560 39.45935087
2561 39.53387323
2561 39.53387323
2562 39.60500342
2562 39.60500342
2562 39.38866648
2562 39.38866648
2563 39.29822884
2563 39.29822884
2563 39.39842751
2563 39.39842751
2564 39.33432274
2564 39.33432274
2565 39.3017056
2565 39.3017056
2565 39.12433074
2565 39.12433074
2565 39.2018956
2565 39.2018956
2565 38.92255794
2565 38.92255794
2565 39.01747688
2565 39.01747688
2565 38.89942999
2565 38.89942999
2565 38.66713893
2565 38.66713893
2565 38.56437234
2565 38.56437234
2565 38.6355552
2565 38.6355552
2565 38.4831125
2565 38.4831125
2565 38.447806
2565 38.447806
2565 38.36973375
2565 38.36973375
2565 38.11990087
2565 38.11990087
2565 38.11187728
2565 38.11187728
2565 37.95779539
2565 37.95779539
2565 38.00288917
2565 38.00288917
2565 37.94842935
2565 37.94842935
2565 37.68696897
2565 37.68696897
2565 37.69354525
2565 37.69354525
2565 37.52053978
2565 37.52053978
2565 37.40212242
2565 37.40212242
2565 37.45998217
2565 37.45998217
2565 37.32262675
2565 37.32262675
2565 37.31998257
2565 37.31998257
2565 37.04943839
2565 37.04943839
2565 37.05531334
2565 37.05531334
2565 36.93264976
2565 36.93264976
2565 36.77559956
2565 36.77559956
2565 36.58015659
2565 36.58015659
2565 36.36538448
2565 36.36538448
2565 36.14454491
2565 36.14454491
2565 36.09207789
2565 36.09207789
2565 36.10201623
2565 36.10201623
2565 35.90574333
2565 35.90574333
2565 35.60200382
2565 35.60200382
2565 35.45837943
2565 35.45837943
2565 35.35408112
2565 35.35408112
2565 35.09150964
2565 35.09150964
2565 35.14049427
2565 35.14049427
2565 35.0493963
2565 35.0493963
2565 34.74891694
2565 34.74891694
2565 34.68630918
2565 34.68630918
2565 34.64878249
2565 34.64878249
2565 34.62790966
2565 34.62790966
2565 34.22237786
2565 34.22237786
2565 34.21476615
2565 34.21476615
