30.000000
30.000000
30.000000
30.000000
30.000000
30.000000
30.000000
30.000000
30.000000
30.000000
30.000000
30.000000
30.000000
30.000000
30.000000
30.000000
30.000000
30.000000
30.000000
30.000000
30.000000
30.000000
30.000000
30.000000
30.000000
30.000000
30.000000
30.000000
30.000000
30.000000
30.000000
30.000000
30.000000
30.000000
30.000000
30.000000
30.000000
30.000000
30.000000
30.000000
30.000000
30.000000
30.000000
30.000000
30.000000
30.000000
30.000000
30.000000
30.000000
30.000000
30.000000
30.000000
30.000000
30.000000
30.000000
30.000000
30.000000
30.000000
30.000000
30.000000
30.000000
30.000000
30.000000
30.000000
30.000000
30.000000
30.000000
30.000000
30.000000
30.000000
30.000000
30.000000
30.000000
30.000000
30.000000
30.000000
30.000000
30.000000
30.000000
30.000000
30.000000
30.000000
30.000000
30.000000
30.000000
30.000000
30.000000
30.000000
30.000000
30.000000
30.000000
30.000000
30.000000
30.000000
30.000000
30.000000
30.000000
30.000000
30.000000
30.000000
30.000000
30.000000
30.000000
30.000000
30.000000
30.000000
30.000000
30.000000
30.000000
30.000000
30.000000
30.000000
30.000000
30.000000
30.000000
30.000000
30.000000
30.000000
30.000000
30.000000
30.000000
30.000000
30.000000
30.000000
30.000000
30.000000
30.000000
30.000000
30.000000
30.000000
30.000000
30.000000
30.000000
30.000000
30.000000
30.000000
30.000000
30.000000
30.000000
30.000000
30.000000
30.000000
30.000000
30.000000
30.000000
30.000000
30.000000
30.000000
30.000000
30.000000
30.000000
30.000000
30.000000
30.000000
30.000000
30.000000
30.000000
30.000000
30.000000
30.000000
30.000000
30.000000
30.000000
30.000000
30.000000
30.000000
30.000000
30.000000
30.000000
30.000000
30.000000
30.000000
30.000000
30.000000
30.000000
30.000000
30.000000
30.000000
30.000000
30.000000
30.000000
30.000000
30.000000
30.000000
30.000000
30.000000
30.000000
30.000000
30.000000
30.000000
30.000000
30.000000
30.000000
30.000000
30.000000
30.000000
30.000000
30.000000
30.000000
30.000000
30.000000
30.000000
30.000000
30.000000
30.000000
30.000000
30.000000
30.000000
30.000000
30.000000
30.000000
30.000000
30.000000
30.000000
30.000000
30.000000
30.000000
30.000000
30.000000
30.000000
30.000000
30.000000
30.000000
30.000000
30.000000
30.000000
30.000000
30.000000
30.000000
30.000000
29.289143
28.392475
27.440806
26.429137
25.708313
25.205089
24.686310
24.148864
23.598195
23.041305
22.485773
22.084937
21.679934
21.279374
20.892705
20.518813
20.157422
19.963687
19.902132
19.846522
19.789633
19.731800
19.672690
19.613968
19.556802
19.500581
19.445581
19.393026
19.342971
19.294527
19.247250
19.206473
19.173306
19.147528
19.129528
19.120362
19.119751
19.126584
19.140751
19.163084
19.182973
19.201194
19.217750
19.230250
19.238472
19.243194
19.244472
19.242361
19.235472
19.223639
19.208472
19.199583
19.196751
19.198083
19.204083
19.215972
19.233027
19.255638
19.284027
19.316582
19.344082
19.367527
19.387304
19.403803
19.417192
19.427637
19.435470
19.439692
19.440414
19.438914
19.435526
19.438415
19.447692
19.463248
19.484859
19.512580
19.546080
19.584747
19.627968
19.675690
19.725467
19.776189
19.827244
19.878965
19.931354
19.984631
20.191311
20.457146
20.715204
20.967706
21.219096
21.492710
21.785212
22.089381
22.402995
22.817304
23.278528
23.744029
24.211864
24.678143
25.136644
25.579590
26.009970
26.889972
27.731640
28.531641
29.285810
29.979145
30.000000
30.000000
30.000000
30.000000
30.000000
30.000000
30.000000
30.000000
30.000000
30.000000
30.000000
30.000000
30.000000
30.000000
30.000000
30.000000
30.000000
30.000000
30.000000
30.000000
30.000000
30.000000
30.000000
30.000000
30.000000
30.000000
30.000000
30.000000
30.000000
30.000000
30.000000
30.000000
30.000000
30.000000
30.000000
30.000000
30.000000
30.000000
30.000000
30.000000
30.000000
30.000000
30.000000
30.000000
30.000000
30.000000
30.000000
30.000000
30.000000
30.000000
30.000000
30.000000
30.000000
30.000000
30.000000
30.000000
30.000000
30.000000
30.000000
30.000000
30.000000
30.000000
30.000000
30.000000
30.000000
30.000000
30.000000
30.000000
30.000000
30.000000
30.000000
30.000000
30.000000
30.000000
30.000000
30.000000
30.000000
30.000000
30.000000
30.000000
30.000000
30.000000
30.000000
30.000000
30.000000
30.000000
30.000000
29.588310
28.798309
27.999974
27.197472
26.383304
25.753424
25.287145
24.791310
24.267864
23.707863
23.112083
22.492440
22.030770
21.549099
21.049095
20.537702
20.022143
19.901521
19.799633
19.698912
19.600858
19.508914
19.423970
19.345137
19.273639
19.203305
19.133418
19.064141
18.992424
18.804758
18.633761
18.482928
18.350096
18.233931
18.133932
18.044433
17.986600
17.966267
17.988767
18.053766
18.154932
18.286431
18.446262
18.635427
18.854091
19.032363
19.120029
19.211806
19.305638
19.400471
19.495358
19.590469
19.685246
19.777244
19.865188
19.949354
20.191588
20.650481
21.119096
21.598266
22.077714
22.567248
23.214750
23.854085
24.480587
25.087644
25.671757
26.494138
27.632473
28.717475
29.724978
30.000000
30.000000
30.000000
30.000000
30.000000
30.000000
30.000000
30.000000
30.000000
30.000000
30.000000
30.000000
30.000000
30.000000
30.000000
30.000000
30.000000
30.000000
30.000000
30.000000
30.000000
30.000000
30.000000
30.000000
30.000000
30.000000
30.000000
30.000000
30.000000
30.000000
30.000000
30.000000
30.000000
30.000000
30.000000
30.000000
30.000000
30.000000
30.000000
30.000000
30.000000
30.000000
30.000000
30.000000
30.000000
30.000000
30.000000
30.000000
30.000000
30.000000
30.000000
30.000000
30.000000
30.000000
30.000000
30.000000
30.000000
30.000000
30.000000
30.000000
30.000000
30.000000
30.000000
30.000000
30.000000
30.000000
29.890811
29.159976
28.420808
27.689974
26.973305
26.264971
25.799313
25.482757
25.126144
24.730254
24.297420
23.829196
23.325972
22.795915
22.315216
21.898824
21.470488
21.032706
20.580480
20.119921
19.930965
19.837966
19.745967
19.655468
19.568247
19.485581
19.407748
19.335415
19.260805
19.185972
19.113084
19.041808
18.916258
18.714260
18.522428
18.343430
18.181765
18.039099
17.919268
17.837101
17.789769
17.782769
17.816768
17.891101
18.005767
18.153765
18.331097
18.536762
18.762593
19.002530
19.089251
19.179973
19.275083
19.372249
19.468858
19.564024
19.657024
19.747856
19.835800
19.927354
20.107699
20.586869
21.075484
21.567988
22.055214
22.546637
23.198417
23.829585
24.437031
25.020755
25.578035
26.222471
27.291639
28.298308
29.224977
30.000000
30.000000
30.000000
30.000000
30.000000
30.000000
30.000000
30.000000
30.000000
30.000000
30.000000
30.000000
30.000000
30.000000
30.000000
30.000000
30.000000
30.000000
30.000000
30.000000
30.000000
30.000000
30.000000
30.000000
30.000000
30.000000
30.000000
30.000000
30.000000
30.000000
30.000000
30.000000
30.000000
30.000000
30.000000
30.000000
30.000000
30.000000
30.000000
30.000000
30.000000
30.000000
30.000000
30.000000
30.000000
30.000000
30.000000
30.000000
30.000000
30.000000
30.000000
30.000000
30.000000
30.000000
30.000000
30.000000
30.000000
30.000000
30.000000
30.000000
30.000000
30.000000
30.000000
30.000000
30.000000
30.000000
30.000000
30.000000
30.000000
30.000000
30.000000
30.000000
30.000000
30.000000
30.000000
30.000000
30.000000
30.000000
30.000000
30.000000
30.000000
30.000000
30.000000
30.000000
30.000000
30.000000
30.000000
30.000000
30.000000
30.000000
30.000000
30.000000
30.000000
30.000000
30.000000
30.000000
30.000000
30.000000
30.000000
30.000000
30.000000
30.000000
30.000000
30.000000
30.000000
30.000000
30.000000
30.000000
30.000000
30.000000
30.000000
30.000000
30.000000
30.000000
30.000000
30.000000
30.000000
30.000000
30.000000
30.000000
30.000000
30.000000
30.000000
30.000000
30.000000
30.000000
30.000000
30.000000
30.000000
30.000000
30.000000
30.000000
30.000000
30.000000
30.000000
30.000000
30.000000
30.000000
30.000000
30.000000
30.000000
30.000000
30.000000
30.000000
30.000000
30.000000
30.000000
30.000000
30.000000
30.000000
30.000000
30.000000
30.000000
30.000000
30.000000
30.000000
30.000000
30.000000
30.000000
30.000000
30.000000
30.000000
30.000000
30.000000
30.000000
30.000000
30.000000
30.000000
30.000000
30.000000
30.000000
30.000000
30.000000
30.000000
30.000000
30.000000
30.000000
30.000000
30.000000
30.000000
30.000000
30.000000
30.000000
30.000000
30.000000
30.000000
30.000000
30.000000
30.000000
30.000000
30.000000
30.000000
30.000000
30.000000
30.000000
30.000000
30.000000
30.000000
30.000000
30.000000
30.000000
30.000000
30.000000
30.000000
30.000000
30.000000
30.000000
30.000000
30.000000
30.000000
30.000000
30.000000
30.000000
30.000000
30.000000
30.000000
30.000000
30.000000
30.000000
30.000000
30.000000
30.000000
30.000000
30.000000
30.000000
30.000000
30.000000
30.000000
30.000000
30.000000
30.000000
30.000000
30.000000
30.000000
30.000000
30.000000
30.000000
30.000000
30.000000
30.000000
30.000000
30.000000
30.000000
30.000000
30.000000
30.000000
30.000000
30.000000
30.000000
30.000000
30.000000
30.000000
30.000000
30.000000
30.000000
30.000000
30.000000
30.000000
30.000000
30.000000
30.000000
30.000000
30.000000
30.000000
30.000000
30.000000
30.000000
30.000000
30.000000
30.000000
30.000000
30.000000
30.000000
30.000000
30.000000
30.000000
30.000000
30.000000
30.000000
30.000000
30.000000
30.000000
30.000000
30.000000
30.000000
30.000000
30.000000
30.000000
30.000000
30.000000
30.000000
30.000000
30.000000
30.000000
30.000000
30.000000
30.000000
30.000000
30.000000
30.000000
30.000000
30.000000
30.000000
30.000000
30.000000
30.000000
30.000000
30.000000
30.000000
30.000000
30.000000
30.000000
30.000000
30.000000
30.000000
30.000000
30.000000
30.000000
30.000000
30.000000
30.000000
30.000000
30.000000
30.000000
30.000000
30.000000
30.000000
30.000000
30.000000
30.000000
30.000000
30.000000
30.000000
30.000000
30.000000
30.000000
30.000000
30.000000
30.000000
30.000000
30.000000
30.000000
30.000000
30.000000
29.968311
29.784978
29.623310
29.492477
29.392477
29.316644
29.264976
29.239143
29.236643
29.242476
29.256643
29.288310
29.335810
29.388310
29.444977
29.504977
29.569144
29.638310
29.709978
29.771644
29.854978
29.960811
30.000000
30.000000
30.000000
30.000000
30.000000
30.000000
30.000000
30.000000
30.000000
30.000000
30.000000
30.000000
30.000000
30.000000
30.000000
30.000000
30.000000
30.000000
30.000000
30.000000
30.000000
30.000000
30.000000
30.000000
30.000000
30.000000
30.000000
30.000000
30.000000
30.000000
30.000000
30.000000
30.000000
30.000000
30.000000
30.000000
30.000000
30.000000
30.000000
30.000000
30.000000
30.000000
30.000000
30.000000
30.000000
30.000000
30.000000
30.000000
30.000000
30.000000
30.000000
30.000000
30.000000
30.000000
30.000000
30.000000
30.000000
30.000000
30.000000
30.000000
30.000000
30.000000
30.000000
30.000000
30.000000
30.000000
30.000000
30.000000
30.000000
30.000000
30.000000
30.000000
30.000000
30.000000
30.000000
30.000000
30.000000
30.000000
30.000000
30.000000
30.000000
30.000000
30.000000
30.000000
30.000000
30.000000
30.000000
30.000000
30.000000
30.000000
30.000000
30.000000
30.000000
30.000000
30.000000
30.000000
30.000000
30.000000
30.000000
30.000000
30.000000
30.000000
30.000000
30.000000
30.000000
30.000000
30.000000
30.000000
30.000000
30.000000
30.000000
30.000000
30.000000
30.000000
30.000000
30.000000
30.000000
30.000000
30.000000
30.000000
30.000000
30.000000
30.000000
30.000000
30.000000
30.000000
30.000000
30.000000
30.000000
30.000000
30.000000
30.000000
30.000000
30.000000
30.000000
30.000000
30.000000
30.000000
30.000000
30.000000
30.000000
30.000000
30.000000
30.000000
30.000000
30.000000
30.000000
30.000000
30.000000
30.000000
30.000000
30.000000
30.000000
30.000000
30.000000
30.000000
30.000000
30.000000
30.000000
30.000000
30.000000
30.000000
30.000000
30.000000
30.000000
30.000000
30.000000
30.000000
30.000000
30.000000
30.000000
30.000000
30.000000
30.000000
30.000000
30.000000
30.000000
30.000000
30.000000
30.000000
30.000000
30.000000
30.000000
30.000000
30.000000
30.000000
30.000000
30.000000
30.000000
30.000000
30.000000
30.000000
30.000000
30.000000
30.000000
30.000000
30.000000
30.000000
30.000000
30.000000
30.000000
30.000000
30.000000
30.000000
30.000000
30.000000
30.000000
30.000000
30.000000
30.000000
30.000000
30.000000
30.000000
30.000000
30.000000
30.000000
30.000000
30.000000
30.000000
30.000000
30.000000
30.000000
30.000000
30.000000
30.000000
30.000000
30.000000
30.000000
30.000000
30.000000
30.000000
30.000000
30.000000
30.000000
30.000000
30.000000
30.000000
30.000000
30.000000
30.000000
30.000000
30.000000
30.000000
30.000000
30.000000
30.000000
30.000000
30.000000
30.000000
30.000000
30.000000
30.000000
30.000000
30.000000
30.000000
30.000000
30.000000
30.000000
30.000000
30.000000
30.000000
30.000000
30.000000
30.000000
30.000000
30.000000
30.000000
30.000000
30.000000
30.000000
30.000000
30.000000
30.000000
30.000000
30.000000
30.000000
30.000000
30.000000
30.000000
30.000000
30.000000
30.000000
30.000000
30.000000
30.000000
30.000000
30.000000
30.000000
30.000000
30.000000
30.000000
30.000000
30.000000
30.000000
30.000000
30.000000
30.000000
30.000000
30.000000
30.000000
30.000000
30.000000
30.000000
30.000000
30.000000
30.000000
30.000000
30.000000
30.000000
30.000000
30.000000
30.000000
30.000000
30.000000
30.000000
30.000000
30.000000
30.000000
30.000000
30.000000
30.000000
30.000000
30.000000
30.000000
30.000000
30.000000
30.000000
30.000000
30.000000
30.000000
30.000000
30.000000
30.000000
30.000000
30.000000
30.000000
30.000000
30.000000
30.000000
30.000000
30.000000
30.000000
30.000000
30.000000
30.000000
30.000000
30.000000
30.000000
30.000000
30.000000
30.000000
30.000000
30.000000
30.000000
30.000000
30.000000
30.000000
30.000000
30.000000
30.000000
30.000000
30.000000
30.000000
30.000000
30.000000
30.000000
30.000000
30.000000
30.000000
30.000000
30.000000
30.000000
30.000000
30.000000
30.000000
30.000000
30.000000
29.884145
29.551644
29.235810
28.939976
28.662475
28.416642
28.210808
28.034974
27.889974
27.778307
27.648307
27.504973
27.359140
27.212473
27.059972
26.913305
26.778305
26.644138
26.512471
26.383304
26.263304
26.174137
26.111637
26.081637
26.082470
26.112470
26.175804
26.273304
26.395804
26.546638
26.718305
26.900805
27.085805
27.279139
27.478306
27.682474
27.894974
28.116641
28.338308
28.556642
28.774142
29.024142
29.304143
29.614144
29.944978
30.000000
30.000000
30.000000
30.000000
30.000000
30.000000
30.000000
30.000000
30.000000
30.000000
30.000000
30.000000
30.000000
30.000000
30.000000
30.000000
30.000000
30.000000
30.000000
30.000000
30.000000
30.000000
30.000000
30.000000
30.000000
30.000000
30.000000
30.000000
30.000000
30.000000
30.000000
30.000000
30.000000
30.000000
30.000000
30.000000
30.000000
30.000000
30.000000
30.000000
30.000000
30.000000
30.000000
30.000000
30.000000
30.000000
30.000000
30.000000
30.000000
30.000000
30.000000
30.000000
30.000000
30.000000
30.000000
30.000000
30.000000
30.000000
30.000000
30.000000
30.000000
30.000000
30.000000
30.000000
30.000000
30.000000
30.000000
30.000000
30.000000
30.000000
30.000000
30.000000
30.000000
30.000000
30.000000
30.000000
30.000000
30.000000
30.000000
30.000000
30.000000
30.000000
30.000000
30.000000
30.000000
30.000000
30.000000
30.000000
30.000000
30.000000
30.000000
30.000000
30.000000
30.000000
30.000000
30.000000
30.000000
30.000000
30.000000
30.000000
30.000000
30.000000
30.000000
30.000000
30.000000
30.000000
30.000000
30.000000
30.000000
30.000000
30.000000
30.000000
30.000000
30.000000
30.000000
30.000000
30.000000
30.000000
30.000000
30.000000
30.000000
30.000000
29.649977
28.639142
27.579973
26.418304
25.604090
24.956588
24.251919
23.492417
22.676526
22.002158
21.336319
20.628536
19.975798
19.817133
19.649968
19.475581
19.295416
19.110695
18.768425
18.200931
17.637770
16.812910
15.933737
15.079840
15.000000
15.000000
15.000000
15.000000
15.000000
15.000000
15.000000
15.000000
15.000000
15.000000
15.000000
15.000000
15.000000
15.000000
15.000000
15.000000
15.000000
15.386788
16.341240
17.318192
17.983100
18.579594
19.054530
19.240861
19.420081
19.591024
19.749800
19.895743
20.153533
20.779093
21.409098
22.029659
22.695581
23.527807
24.330475
25.109811
25.863090
27.236639
28.650809
29.946645
30.000000
30.000000
30.000000
30.000000
30.000000
30.000000
30.000000
30.000000
30.000000
30.000000
30.000000
30.000000
30.000000
30.000000
30.000000
30.000000
30.000000
30.000000
30.000000
30.000000
30.000000
30.000000
30.000000
30.000000
30.000000
30.000000
30.000000
30.000000
30.000000
30.000000
30.000000
30.000000
30.000000
30.000000
30.000000
30.000000
30.000000
30.000000
30.000000
30.000000
30.000000
30.000000
30.000000
30.000000
30.000000
30.000000
30.000000
30.000000
30.000000
30.000000
30.000000
30.000000
30.000000
30.000000
30.000000
30.000000
30.000000
30.000000
30.000000
30.000000
30.000000
30.000000
30.000000
30.000000
30.000000
30.000000
30.000000
30.000000
30.000000
30.000000
30.000000
30.000000
30.000000
30.000000
30.000000
30.000000
30.000000
30.000000
30.000000
30.000000
30.000000
30.000000
30.000000
30.000000
30.000000
30.000000
30.000000
30.000000
30.000000
30.000000
30.000000
30.000000
30.000000
30.000000
30.000000
30.000000
30.000000
30.000000
30.000000
30.000000
30.000000
30.000000
30.000000
30.000000
30.000000
30.000000
30.000000
30.000000
30.000000
30.000000
30.000000
30.000000
30.000000
30.000000
30.000000
30.000000
30.000000
30.000000
30.000000
30.000000
30.000000
30.000000
30.000000
30.000000
30.000000
30.000000
30.000000
30.000000
30.000000
30.000000
30.000000
30.000000
30.000000
30.000000
30.000000
30.000000
30.000000
30.000000
30.000000
30.000000
30.000000
30.000000
30.000000
30.000000
30.000000
30.000000
30.000000
30.000000
30.000000
30.000000
30.000000
30.000000
30.000000
30.000000
30.000000
30.000000
30.000000
30.000000
30.000000
30.000000
30.000000
30.000000
30.000000
30.000000
30.000000
30.000000
30.000000
30.000000
30.000000
30.000000
30.000000
30.000000
30.000000
30.000000
30.000000
30.000000
30.000000
30.000000
30.000000
30.000000
30.000000
30.000000
30.000000
30.000000
30.000000
30.000000
30.000000
30.000000
30.000000
30.000000
30.000000
30.000000
30.000000
30.000000
30.000000
30.000000
30.000000
30.000000
30.000000
30.000000
30.000000
30.000000
30.000000
30.000000
30.000000
30.000000
30.000000
30.000000
30.000000
30.000000
30.000000
30.000000
30.000000
30.000000
30.000000
30.000000
30.000000
30.000000
30.000000
30.000000
30.000000
30.000000
30.000000
30.000000
30.000000
30.000000
30.000000
30.000000
30.000000
30.000000
30.000000
30.000000
30.000000
30.000000
30.000000
30.000000
30.000000
30.000000
30.000000
30.000000
30.000000
30.000000
30.000000
30.000000
30.000000
30.000000
30.000000
30.000000
30.000000
30.000000
30.000000
30.000000
30.000000
30.000000
30.000000
30.000000
30.000000
30.000000
30.000000
30.000000
30.000000
30.000000
30.000000
30.000000
30.000000
30.000000
30.000000
30.000000
30.000000
30.000000
30.000000
30.000000
30.000000
30.000000
30.000000
30.000000
30.000000
30.000000
30.000000
30.000000
30.000000
30.000000
30.000000
30.000000
30.000000
30.000000
30.000000
30.000000
30.000000
30.000000
30.000000
30.000000
30.000000
30.000000
30.000000
30.000000
30.000000
30.000000
30.000000
30.000000
30.000000
30.000000
30.000000
30.000000
30.000000
30.000000
30.000000
30.000000
30.000000
30.000000
30.000000
30.000000
30.000000
30.000000
30.000000
30.000000
30.000000
30.000000
30.000000
30.000000
30.000000
30.000000
30.000000
30.000000
30.000000
30.000000
30.000000
30.000000
30.000000
30.000000
30.000000
30.000000
30.000000
30.000000
30.000000
30.000000
30.000000
30.000000
30.000000
30.000000
30.000000
30.000000
30.000000
30.000000
30.000000
30.000000
30.000000
30.000000
30.000000
30.000000
30.000000
30.000000
30.000000
30.000000
30.000000
30.000000
30.000000
30.000000
30.000000
30.000000
30.000000
29.964144
29.753311
29.529143
29.289143
29.030810
28.757476
28.468308
28.164974
27.852473
27.564140
27.299972
27.054139
26.832472
26.644972
26.484137
26.346637
26.243304
26.175804
26.097470
26.012470
25.966925
25.926480
25.881369
25.833924
25.785701
25.732423
25.673313
25.612645
25.552757
25.512701
25.489368
25.478089
25.479257
25.494423
25.527090
25.578035
25.642201
25.721535
25.795035
25.858813
25.911313
25.958369
25.999202
26.063303
26.103303
26.120804
26.113304
26.084137
26.038304
26.022470
26.028303
26.064970
26.130803
26.219970
26.331637
26.464137
26.615804
26.791638
26.984139
27.184139
27.381639
27.576640
27.774140
27.972474
28.165807
28.359141
28.548309
28.722476
28.871643
29.046643
29.254143
29.499143
29.783311
30.000000
30.000000
30.000000
30.000000
30.000000
30.000000
30.000000
30.000000
30.000000
30.000000
30.000000
30.000000
30.000000
30.000000
30.000000
30.000000
30.000000
30.000000
30.000000
30.000000
30.000000
30.000000
30.000000
30.000000
30.000000
30.000000
30.000000
30.000000
30.000000
30.000000
30.000000
30.000000
30.000000
30.000000
30.000000
30.000000
30.000000
30.000000
30.000000
30.000000
30.000000
30.000000
30.000000
30.000000
30.000000
30.000000
30.000000
30.000000
30.000000
30.000000
30.000000
30.000000
30.000000
30.000000
30.000000
30.000000
30.000000
30.000000
30.000000
30.000000
30.000000
30.000000
30.000000
30.000000
30.000000
30.000000
30.000000
30.000000
30.000000
30.000000
30.000000
30.000000
30.000000
30.000000
30.000000
30.000000
30.000000
30.000000
30.000000
30.000000
30.000000
30.000000
30.000000
30.000000
30.000000
30.000000
30.000000
30.000000
30.000000
30.000000
30.000000
30.000000
30.000000
30.000000
30.000000
30.000000
30.000000
30.000000
30.000000
30.000000
30.000000
30.000000
30.000000
30.000000
30.000000
30.000000
30.000000
30.000000
30.000000
30.000000
30.000000
30.000000
30.000000
30.000000
30.000000
30.000000
30.000000
30.000000
30.000000
30.000000
30.000000
30.000000
30.000000
30.000000
30.000000
30.000000
30.000000
30.000000
30.000000
30.000000
30.000000
30.000000
30.000000
