263167.531659 3847096.333131
263169.732290 3847096.387481
263171.841346 3847096.444188
263174.044832 3847096.609470
263176.245462 3847096.663821
263178.354518 3847096.720530
263180.555148 3847096.774882
263182.755778 3847096.829235
263184.959264 3847096.994519
263187.068320 3847097.051230
263189.268950 3847097.105585
263192.571322 3847097.242583
263195.782120 3847097.381939
263199.084492 3847097.518939
263202.295290 3847097.658298
263205.594806 3847097.684369
263208.897178 3847097.821373
263212.107975 3847097.960735
263215.410346 3847098.097741
263218.621143 3847098.237105
263221.923513 3847098.374114
263225.592179 3847098.501695
263229.260845 3847098.629278
263232.929511 3847098.756862
263236.598176 3847098.884448
263240.266841 3847099.012036
263244.027080 3847099.137268
263247.695745 3847099.264858
263251.364409 3847099.392450
263255.033073 3847099.520043
263258.701737 3847099.647638
263262.553549 3847099.770520
263266.408215 3847100.004336
263270.260026 3847100.127222
263274.111837 3847100.250110
263277.966502 3847100.483930
263281.726738 3847100.609178
263285.578548 3847100.732070
263289.430358 3847100.854964
263293.285022 3847101.088791
263297.136831 3847101.211688
263301.171788 3847101.329875
263305.301173 3847101.556638
263309.336129 3847101.674828
263313.373939 3847101.903951
263317.500468 3847102.019788
263321.535424 3847102.137983
263325.573233 3847102.367111
263329.608188 3847102.485310
263333.737570 3847102.712086
263337.772525 3847102.830288
263342.085054 3847103.052356
263346.397583 3847103.274426
263350.618537 3847103.498854
263354.931066 3847103.720927
263359.240740 3847103.832072
263363.553267 3847104.054150
263367.865794 3847104.276229
263372.086747 3847104.500667
263376.399274 3847104.722751
263380.711800 3847104.944836
263385.207473 3847105.162213
263389.703145 3847105.379593
263394.198818 3847105.596974
263398.694490 3847105.814357
263403.281735 3847106.029388
263407.777406 3847106.246776
263412.273077 3847106.464166
263416.768747 3847106.681558
263421.264417 3847106.898953
263425.760087 3847107.116349
263430.438904 3847107.329038
263435.212146 3847107.650306
263439.890962 3847107.862999
263444.664204 3847108.184272
263449.343018 3847108.396970
263454.021833 3847108.609671
263458.795073 3847108.930951
263463.473887 3847109.143656
263468.247126 3847109.464941
263472.925939 3847109.677651
263477.787898 3847109.885655
263482.741431 3847110.091307
263487.603390 3847110.299316
263492.556922 3847110.504973
263497.418880 3847110.712987
263502.280837 3847110.921003
263507.234368 3847111.126668
263512.096324 3847111.334690
263517.049854 3847111.540360
263521.911810 3847111.748387
263526.956913 3847111.951709
263531.910441 3847112.157387
263536.955543 3847112.360714
263542.000644 3847112.564043
263547.045745 3847112.767376
263551.996420 3847112.862133
263557.041520 3847113.065471
263562.086620 3847113.268812
263567.040145 3847113.474509
263572.085244 3847113.677855
263577.130342 3847113.881204
263582.083866 3847114.086909
263587.128963 3847114.290263
263592.174060 3847114.493620
263597.219157 3847114.696980
263602.172679 3847114.902696
263607.217775 3847115.106061
263612.262870 3847115.309429
263617.216391 3847115.515153
263622.261485 3847115.718526
263626.757138 3847115.936020
263631.249940 3847116.042586
263635.745592 3847116.260084
263640.238394 3847116.366654
263644.734045 3847116.584157
263649.138123 3847116.804015
263653.630923 3847116.910591
263658.126573 3847117.128101
263662.619373 3847117.234681
263667.115023 3847117.452195
263668.949342 3847117.516074
263670.878084 3847117.688532
263672.712403 3847117.752412
263674.641146 3847117.924870
263676.475465 3847117.988751
263678.309783 3847118.052631
263680.238525 3847118.225091
263682.072844 3847118.288973
263684.001586 3847118.461433
263685.835904 3847118.525316
263687.309628 3847118.820470
263688.688929 3847119.007046
263690.162653 3847119.302202
263691.633527 3847119.486426
263693.107251 3847119.781581
263694.489401 3847120.079090
263695.960275 3847120.263314
263697.433999 3847120.558471
263698.813299 3847120.745048
263700.287022 3847121.040205
263701.317126 3847121.901779
263702.435953 3847122.650070
263703.463207 3847123.400714
263704.493311 3847124.262288
263705.614987 3847125.121511
263706.642240 3847125.872154
263707.672343 3847126.733729
263708.699596 3847127.484373
263709.818422 3847128.232665
263710.848524 3847129.094240
263711.246161 3847130.305075
263711.646647 3847131.626840
263712.044284 3847132.837674
263712.444770 3847134.159440
263712.842407 3847135.370274
263713.331617 3847136.578756
263713.732102 3847137.900522
263714.129739 3847139.111356
263714.530224 3847140.433122
263714.927860 3847141.643956
263714.595760 3847142.984539
263714.266510 3847144.436053
263713.934410 3847145.776636
263713.602311 3847147.117219
263713.270211 3847148.457802
263712.940961 3847149.909316
263712.608862 3847151.249899
263712.276763 3847152.590482
263711.947513 3847154.041996
263711.615414 3847155.382579
263710.542182 3847156.409187
263709.466102 3847157.324863
263708.390021 3847158.240539
263707.316790 3847159.267147
263706.149137 3847160.185175
263705.075907 3847161.211783
263703.999827 3847162.127460
263702.926597 3847163.154068
263701.850518 3847164.069745
263700.777288 3847165.096354
263699.231946 3847165.580068
263697.686604 3847166.063783
263696.141263 3847166.547497
263694.595921 3847167.031212
263693.139303 3847167.401644
263691.593961 3847167.885360
263690.048620 3847168.369076
263688.503279 3847168.852792
263686.957938 3847169.336508
263685.412598 3847169.820225
263683.681261 3847170.197715
263681.858352 3847170.577559
263680.127016 3847170.955050
263678.304107 3847171.334895
263676.569922 3847171.601455
263674.838586 3847171.978948
263673.015678 3847172.358793
263671.284342 3847172.736286
263669.461434 3847173.116132
263667.730099 3847173.493626
263665.724045 3847173.878178
263663.809564 3847174.260378
263661.803511 3847174.644931
263659.797457 3847175.029484
263657.882977 3847175.411685
263655.876924 3847175.796240
263653.870871 3847176.180794
263651.864818 3847176.565350
263649.950338 3847176.947552
263647.944285 3847177.332108
263645.938233 3847177.716665
263643.840608 3847178.103575
263641.834556 3847178.488132
263639.736931 3847178.875043
263637.728028 3847179.148670
263635.630404 3847179.535582
263633.624352 3847179.920141
263631.526728 3847180.307054
263629.520676 3847180.691614
263627.423052 3847181.078527
263625.600147 3847181.458382
263623.777241 3847181.838238
263622.045909 3847182.215740
263620.223004 3847182.595596
263618.400099 3847182.975453
263616.574344 3847183.244378
263614.751439 3847183.624235
263613.020107 3847184.001739
263611.197203 3847184.381597
263609.374298 3847184.761455
263608.103682 3847185.238126
263606.835916 3847185.825727
263605.565300 3847186.302398
263604.294683 3847186.779069
263603.115640 3847187.253387
263601.847875 3847187.840989
263600.577259 3847188.317660
263599.306643 3847188.794332
263598.038879 3847189.381935
263596.768263 3847189.858607
263596.058488 3847190.764884
263595.348713 3847191.671161
263594.550216 3847192.690722
263593.840441 3847193.596999
263593.130667 3847194.503276
263592.420892 3847195.409553
263591.711118 3847196.315830
263590.912622 3847197.335392
263590.202848 3847198.241670
263589.493074 3847199.147947
263589.524434 3847200.368191
263589.461371 3847201.479856
263589.492732 3847202.700100
263589.521242 3847203.809412
263589.552602 3847205.029656
263589.492390 3847206.252253
263589.520900 3847207.361565
263589.552261 3847208.581809
263589.489198 3847209.693475
263589.520558 3847210.913718
263590.012633 3847212.233126
263590.593429 3847213.439249
263591.085503 3847214.758657
263591.574726 3847215.967133
263592.066800 3847217.286541
263592.647595 3847218.492664
263593.139669 3847219.812072
263593.628892 3847221.020548
263594.212538 3847222.337603
263594.701760 3847223.546079
263595.288256 3847224.974065
263595.966325 3847226.399697
263596.644394 3847227.825330
263597.230890 3847229.253315
263597.908958 3847230.678948
263598.495454 3847232.106934
263599.173522 3847233.532566
263599.760017 3847234.960552
263600.438085 3847236.386185
263601.024580 3847237.814171
263601.705498 3847239.350735
263602.386415 3847240.887299
263602.975761 3847242.426216
263603.656678 3847243.962780
263604.337595 3847245.499344
263605.018512 3847247.035908
263605.699429 3847248.572472
263606.288773 3847250.111390
263606.969690 3847251.647954
263607.650606 3847253.184518
263608.237099 3847254.612505
263608.826443 3847256.151422
263609.412935 3847257.579409
263610.002279 3847259.118326
263610.588771 3847260.546313
263611.083691 3847261.976653
263611.673034 3847263.515570
263612.259526 3847264.943557
263612.848869 3847266.482475
263613.435360 3847267.910461
263613.747136 3847269.345508
263613.967339 3847270.782907
263614.187543 3847272.220307
263614.499318 3847273.655353
263614.808243 3847274.979469
263615.028446 3847276.416868
263615.248649 3847277.854268
263615.560424 3847279.289314
263615.872199 3847280.724361
263616.092402 3847282.161760
263615.665901 3847283.393770
263615.239400 3847284.625780
263614.812899 3847285.857790
263614.386398 3847287.089799
263613.959897 3847288.321809
263613.441825 3847289.556172
263613.015324 3847290.788182
263612.588824 3847292.020192
263612.162324 3847293.252202
263611.735824 3847294.484212
263610.559645 3847295.069461
263609.386318 3847295.765641
263608.210140 3847296.350890
263607.033962 3847296.936140
263605.952206 3847297.629967
263604.776029 3847298.215217
263603.599851 3847298.800466
263602.423674 3847299.385716
263601.250347 3847300.081897
263600.074170 3847300.667148
263598.517452 3847300.707155
263597.052305 3847300.744810
263595.495586 3847300.784818
263593.938868 3847300.824827
263592.473721 3847300.862482
263590.919854 3847301.013422
263589.363135 3847301.053432
263587.806417 3847301.093441
263586.341270 3847301.131098
263584.784552 3847301.171108
263583.133410 3847301.102540
263581.390697 3847301.036327
263579.742407 3847301.078691
263577.999694 3847301.012479
263576.348553 3847300.943912
263574.605840 3847300.877700
263572.954698 3847300.809135
263571.214836 3847300.853854
263569.472123 3847300.787643
263567.820981 3847300.719079
263565.986696 3847300.655222
263564.152411 3847300.591365
263562.412549 3847300.636087
263560.578263 3847300.572231
263558.743978 3847300.508375
263556.909693 3847300.444520
263555.075407 3847300.380666
263553.335545 3847300.425389
263551.501260 3847300.361535
263549.666974 3847300.297681
263547.741117 3847300.236182
263545.909683 3847300.283260
263544.075397 3847300.219408
263542.152391 3847300.268841
263540.318105 3847300.204989
263538.392248 3847300.143491
263536.560814 3847300.190572
263534.634956 3847300.129075
263532.803522 3847300.176156
263530.877664 3847300.114660
263528.951806 3847300.053165
263526.937229 3847300.104955
263525.014223 3847300.154392
263522.996793 3847300.095252
263521.070935 3847300.033758
263519.056357 3847300.085550
263517.130499 3847300.024057
263515.115921 3847300.075850
263513.192915 3847300.125289
263511.175485 3847300.066152
263509.158055 3847300.007015
263507.140625 3847299.947878
263505.123195 3847299.888742
263503.105765 3847299.829606
263501.088335 3847299.770471
263499.070904 3847299.711336
263497.053474 3847299.652202
263495.036044 3847299.593068
263493.018613 3847299.533935
263491.001183 3847299.474802
263488.892180 3847299.418023
263486.783178 3847299.361246
263484.762895 3847299.191183
263482.653892 3847299.134406
263480.544890 3847299.077630
263478.435887 3847299.020854
263476.326884 3847298.964079
263474.306601 3847298.794018
263472.197598 3847298.737244
263470.088595 3847298.680470
263467.885168 3847298.515120
263465.776165 3847298.458347
263463.572737 3847298.292998
263461.369310 3847298.127650
263459.260306 3847298.070879
263457.056878 3847297.905531
263454.853450 3847297.740185
263452.650022 3847297.574838
263450.541019 3847297.518069
263448.337590 3847297.352724
263446.131309 3847297.076448
263443.925028 3847296.800172
263441.813171 3847296.632473
263439.606889 3847296.356199
263437.400607 3847296.079925
263435.194325 3847295.803651
263432.988043 3847295.527378
263430.876186 3847295.359682
263428.669903 3847295.083410
263426.463620 3847294.807139
263424.254484 3847294.419937
263422.045348 3847294.032735
263419.836212 3847293.645534
263417.627075 3847293.258333
263415.417938 3847292.871133
263413.117230 3847292.486289
263410.908092 3847292.099090
263408.698955 3847291.711891
263406.489817 3847291.324693
263404.280679 3847290.937496
263401.977116 3847290.441723
263399.673552 3847289.945951
263397.369988 3847289.450179
263395.066424 3847288.954408
263392.762859 3847288.458637
263390.459295 3847287.962867
263388.155730 3847287.467097
263385.852164 3847286.971328
263383.548598 3847286.475560
263381.245032 3847285.979792
263378.847041 3847285.375449
263376.446195 3847284.660175
263374.048202 3847284.055833
263371.647356 3847283.340561
263369.338081 3847282.622933
263366.940087 3847282.018593
263364.542093 3847281.414254
263362.141245 3847280.698984
263359.740396 3847279.983714
263357.342401 3847279.379377
263354.847126 3847278.555533
263352.351850 3847277.731690
263349.856574 3847276.907847
263347.361297 3847276.084006
263344.866020 3847275.260164
263342.370742 3847274.436324
263339.875464 3847273.612484
263337.380185 3847272.788645
263334.884906 3847271.964806
263332.389626 3847271.140968
263329.891492 3847270.206200
263327.390503 3847269.160501
263324.892367 3847268.225733
263322.391377 3847267.180035
263319.893240 3847266.245269
263317.303531 3847265.312860
263314.802539 3847264.267164
263312.304401 3847263.332400
263309.803408 3847262.286706
263307.305268 3847261.351943
263304.895846 3847260.303893
263302.486423 3847259.255844
263300.074145 3847258.096864
263297.664721 3847257.048816
263295.255297 3847256.000769
263292.845871 3847254.952722
263290.436446 3847253.904676
263288.024165 3847252.745700
263285.614738 3847251.697655
263283.205310 3847250.649610
263280.887455 3847249.599210
263278.569598 3847248.548811
263276.251741 3847247.498411
263273.933884 3847246.448013
263271.618881 3847245.508546
263269.301022 3847244.458149
263266.983163 3847243.407752
263264.665303 3847242.357356
263262.347443 3847241.306960
263260.029582 3847240.256565
263257.900576 3847239.423319
263255.679997 3847238.592431
263253.550989 3847237.759187
263251.421982 3847236.925943
263249.292974 3847236.092699
263247.072393 3847235.261813
263244.943384 3847234.428570
263242.814374 3847233.595328
263240.593792 3847232.764443
263238.464782 3847231.931202
263236.438765 3847231.539330
263234.324030 3847231.260747
263232.298013 3847230.868875
263230.183278 3847230.590293
263228.157260 3847230.198422
263226.039669 3847229.808909
263224.016506 3847229.527971
263221.898915 3847229.138459
263219.875752 3847228.857522
263217.758161 3847228.468011
263215.749275 3847228.741731
263213.740389 3847229.015452
263211.728647 3847229.178242
263209.719761 3847229.451964
263207.710875 3847229.725686
263205.701990 3847229.999409
263203.693104 3847230.273132
263201.681363 3847230.435924
263199.672477 3847230.709648
263197.663592 3847230.983373
263195.852131 3847231.807040
263193.949097 3847232.633064
263192.134780 3847233.345801
263190.323320 3847234.169469
263188.511860 3847234.993137
263186.608827 3847235.819164
263184.797367 3847236.642833
263182.983052 3847237.355571
263181.080021 3847238.181599
263179.268562 3847239.005269
263177.554388 3847240.048445
263175.745786 3847240.983048
263174.031613 3847242.026224
263172.225867 3847243.071759
263170.508839 3847244.004005
263168.794666 3847245.047183
263166.988922 3847246.092718
263165.274751 3847247.135897
263163.466151 3847248.070502
263161.751981 3847249.113681
263160.037810 3847250.156861
263158.418069 3847251.308614
263156.703900 3847252.351794
263155.084159 3847253.503548
263153.369990 3847254.546729
263151.655822 3847255.589910
263150.036083 3847256.741665
263148.321915 3847257.784847
263146.702176 3847258.936602
263144.988010 3847259.979785
263143.273843 3847261.022968
263141.651249 3847262.063793
263139.937084 3847263.106976
263138.222918 3847264.150160
263136.603182 3847265.301918
263134.889017 3847266.345102
263133.174853 3847267.388287
263131.460689 3847268.431472
263129.838098 3847269.472300
263128.123935 3847270.515486
263126.409772 3847271.558672
263124.692753 3847272.490927
263122.887019 3847273.536472
263121.170001 3847274.468728
263119.455839 3847275.511915
263117.738822 3847276.444172
263116.024661 3847277.487360
263114.216072 3847278.421975
263112.501912 3847279.465164
263110.784896 3847280.397422
263108.973451 3847281.221107
263107.253579 3847282.042434
263105.444991 3847282.977051
263103.725120 3847283.798379
263101.913676 3847284.622066
263100.102233 3847285.445753
263098.382362 3847286.267082
263096.573776 3847287.201701
263094.853906 3847288.023030
263093.042463 3847288.846719
263091.225308 3847289.448544
263089.411009 3847290.161302
263087.502281 3847290.765487
263085.685126 3847291.367314
263083.867971 3847291.969142
263082.053673 3847292.681901
263080.236519 3847293.283729
263078.327792 3847293.887916
263076.513496 3847294.600677
263074.696342 3847295.202506
263072.690329 3847295.587190
263070.681460 3847295.860943
263068.675448 3847296.245628
263066.669436 3847296.630314
263064.663424 3847297.014999
263062.654555 3847297.288754
263060.648544 3847297.673441
263058.642532 3847298.058128
263056.633663 3847298.331885
263054.627652 3847298.716573
263052.429925 3847298.773185
263050.320911 3847298.716507
263048.120326 3847298.662189
263046.014171 3847298.716443
263043.816443 3847298.773057
263041.615858 3847298.718740
263039.509702 3847298.772996
263037.309116 3847298.718680
263035.200103 3847298.662006
263033.002375 3847298.718623
263030.793216 3847298.331514
263028.489627 3847297.835834
263026.280467 3847297.448726
263024.068450 3847296.950688
263021.767718 3847296.565940
263019.558558 3847296.178834
263017.346539 3847295.680797
263015.137379 3847295.293693
263012.833788 3847294.798016
263010.624626 3847294.410912
263008.401175 3847293.469152
263006.177723 3847292.527391
263003.957128 3847291.696563
263001.733675 3847290.754804
262999.510221 3847289.813046
262997.195195 3847288.873647
262994.971741 3847287.931890
262992.751144 3847287.101064
262990.527688 3847286.159308
262988.304232 3847285.217552
262986.163773 3847283.940643
262984.023313 3847282.663734
262981.882852 3847281.386826
262979.742391 3847280.109918
262977.604788 3847278.943942
262975.464326 3847277.667035
262973.323863 3847276.390129
262971.183399 3847275.113223
262969.042935 3847273.836317
262966.902470 3847272.559412
262964.850718 3847271.169217
262962.710252 3847269.892312
262960.658500 3847268.502118
262958.515174 3847267.114283
262956.463419 3847265.724089
262954.322951 3847264.447187
262952.271195 3847263.056994
262950.127867 3847261.669161
262948.078969 3847260.389900
262945.935639 3847259.002068
262943.883881 3847257.611877
262941.832123 3847256.221686
262939.780363 3847254.831495
262937.728603 3847253.441305
262935.679702 3847252.162047
262933.627941 3847250.771858
262931.576179 3847249.381669
262929.524416 3847247.991481
262927.472653 3847246.601293
262925.420890 3847245.211105
262923.369125 3847243.820918
262921.320220 3847242.541663
262919.268454 3847241.151477
262917.219547 3847239.872223
262915.167780 3847238.482037
262913.024440 3847237.094213
262910.975531 3847235.814960
262908.923762 3847234.424776
262906.874852 3847233.145523
262904.823082 3847231.755340
262902.774171 3847230.476089
262900.725259 3847229.196838
262898.673488 3847227.806656
262896.624574 3847226.527406
262894.575661 3847225.248156
262892.526747 3847223.968907
262890.477832 3847222.689659
262888.426057 3847221.299479
262886.377141 3847220.020231
262884.328224 3847218.740983
262882.370880 3847217.459376
262880.416395 3847216.288700
262878.550622 3847215.004733
262876.593276 3847213.723127
262874.638789 3847212.552452
262872.681442 3847211.270846
262870.724095 3847209.989241
262868.858319 3847208.705276
262866.903830 3847207.534603
262864.946481 3847206.252999
262863.175137 3847205.077605
262861.403793 3847203.902212
262859.721161 3847202.613527
262857.949815 3847201.438134
262856.178470 3847200.262742
262854.407123 3847199.087350
262852.635776 3847197.911958
262850.953142 3847196.623275
262849.181795 3847195.447884
262847.410446 3847194.272493
262845.910957 3847192.979089
262844.408608 3847191.574753
262842.909118 3847190.281349
262841.409627 3847188.987945
262839.907276 3847187.583610
262838.316212 3847186.292568
262836.816720 3847184.999165
262835.317228 3847183.705762
262833.814875 3847182.301428
262832.315382 3847181.008025
262831.262315 3847179.259092
262830.206387 3847177.399228
262829.153319 3847175.650295
262828.097390 3847173.790431
262827.044322 3847172.041498
262825.899679 3847170.294927
262824.843749 3847168.435063
262823.790679 3847166.686131
262822.734749 3847164.826267
262821.681678 3847163.077335
262821.352614 3847160.976720
262821.023550 3847158.876105
262820.691626 3847156.664558
262820.362562 3847154.563943
262820.033497 3847152.463328
262819.612859 3847150.365075
262819.283795 3847148.264460
262818.951870 3847146.052913
262818.622805 3847143.952298
262818.293740 3847141.851683
262818.694405 3847139.621248
262819.006356 3847137.504106
262819.407021 3847135.273671
262819.810546 3847133.154167
262820.211211 3847130.923732
262820.520303 3847128.695658
262820.923829 3847126.576155
262821.324495 3847124.345720
262821.636448 3847122.228577
262822.037115 3847119.998143
262822.529355 3847117.765347
262823.110310 3847115.419259
262823.694125 3847113.184102
262824.186367 3847110.951306
262824.767323 3847108.605218
262825.259565 3847106.372422
262825.751808 3847104.139627
262826.335625 3847101.904470
262826.916582 3847099.558382
262827.408825 3847097.325587
262827.989783 3847094.979499
262828.476307 3847092.524841
262829.057266 3847090.178753
262829.638225 3847087.832666
262830.216324 3847085.375647
262830.705710 3847083.031920
262831.286670 3847080.685833
262831.867630 3847078.339745
262832.354156 3847075.885088
262832.935117 3847073.539000
262833.513219 3847071.081982
262833.999746 3847068.627324
262834.574989 3847066.059374
262835.061517 3847063.604716
262835.639620 3847061.147698
262836.126148 3847058.693040
262836.704252 3847056.236022
262837.187922 3847053.670433
262837.766026 3847051.213415
262838.252556 3847048.758758
262838.739087 3847046.304100
262839.225617 3847043.849443
262839.712149 3847041.394786
262840.198680 3847038.940129
262840.688072 3847036.596403
262841.174604 3847034.141746
262841.661136 3847031.687089
262842.147669 3847029.232432
262842.634202 3847026.777776
262843.120735 3847024.323119
262843.527133 3847022.314549
262843.930672 3847020.195047
262844.337070 3847018.186477
262844.743469 3847016.177907
262845.149868 3847014.169337
262845.644982 3847012.047475
262846.051382 3847010.038905
262846.457781 3847008.030335
262846.861321 3847005.910833
262847.267721 3847003.902263
262847.324980 3847002.568725
262847.470954 3847001.121895
262847.528212 3846999.788357
262847.674186 3846998.341526
262847.731445 3846997.007988
262847.788703 3846995.674450
262847.934677 3846994.227620
262847.991936 3846992.894081
262848.137910 3846991.447251
262848.195169 3846990.113713
262847.622840 3846989.240426
262846.958936 3846988.369499
262846.386608 3846987.496212
262845.722703 3846986.625285
262845.147515 3846985.641067
262844.483610 3846984.770140
262843.911281 3846983.896853
262843.247376 3846983.025927
262842.675047 3846982.152640
262842.011142 3846981.281713
262841.000954 3846981.196750
262839.896332 3846981.003217
262838.886144 3846980.918254
262837.875956 3846980.833292
262836.865769 3846980.748329
262835.761146 3846980.554796
262834.750958 3846980.469834
262833.740770 3846980.384872
262832.636147 3846980.191339
262831.625959 3846980.106377
262830.343905 3846980.139429
262829.061852 3846980.172482
262827.691082 3846980.318827
262826.409029 3846980.351880
262825.126975 3846980.384933
262823.844921 3846980.417986
262822.562867 3846980.451039
262821.192098 3846980.597385
262819.910044 3846980.630439
262818.627990 3846980.663493
262817.074071 3846980.814562
262815.517291 3846980.854699
262814.054947 3846981.003407
262812.501027 3846981.154476
262810.947108 3846981.305546
262809.390328 3846981.345685
262807.836408 3846981.496755
262806.374064 3846981.645464
262804.817285 3846981.685603
262803.263365 3846981.836674
262801.526295 3846981.992468
262799.786365 3846982.037330
262797.957720 3846982.195486
262796.217790 3846982.240349
262794.480720 3846982.396144
262792.743650 3846982.551939
262791.003720 3846982.596803
262789.175075 3846982.754960
262787.435145 3846982.799825
262785.698075 3846982.955622
262783.866570 3846983.002848
262781.946349 3846983.163368
262780.114844 3846983.210596
262778.194624 3846983.371117
262776.271543 3846983.420707
262774.440038 3846983.467935
262772.611393 3846983.626096
262770.688312 3846983.675687
262768.859667 3846983.833848
262766.936587 3846983.883440
262764.921931 3846983.935393
262762.907275 3846983.987347
262760.981333 3846983.926009
262758.966677 3846983.977964
262756.952021 3846984.029919
262754.937365 3846984.081875
262752.922709 3846984.133831
262750.996767 3846984.072494
262748.982111 3846984.124452
262746.967455 3846984.176409
262744.858363 3846984.119797
262742.749270 3846984.063186
262740.643039 3846984.117507
262738.533946 3846984.060896
262736.424854 3846984.004287
262734.315761 3846983.947677
262732.206668 3846983.891068
262730.100437 3846983.945391
262727.991344 3846983.888784
262725.882251 3846983.832176
262723.678722 3846983.667000
262721.383617 3846983.504186
262719.182948 3846983.449942
262716.887843 3846983.287129
262714.684313 3846983.121954
262712.480783 3846982.956781
262710.185678 3846982.793969
262707.985009 3846982.739728
262705.689903 3846982.576918
262703.486373 3846982.411746
262701.191267 3846982.248937
262698.893299 3846981.975197
262696.506618 3846981.814752
262694.208650 3846981.541013
262691.913543 3846981.378206
262689.618437 3846981.215400
262687.320468 3846980.941663
262684.933786 3846980.781220
262682.635817 3846980.507484
262680.340710 3846980.344681
262678.042741 3846980.070946
262675.744772 3846979.797212
262673.541240 3846979.632047
262671.243270 3846979.358314
262668.945300 3846979.084581
262666.647330 3846978.810849
262664.349360 3846978.537118
262662.145827 3846978.371956
262659.847857 3846978.098226
262657.549886 3846977.824496
262655.343491 3846977.548404
262653.045520 3846977.274676
262650.836262 3846976.887653
262648.538291 3846976.613926
262646.331895 3846976.337836
262644.033923 3846976.064110
262641.827526 3846975.788021
262639.526692 3846975.403364
262637.228720 3846975.129640
262635.022323 3846974.853553
262632.904639 3846974.464172
262630.786955 3846974.074791
262628.672132 3846973.796343
262626.554448 3846973.406964
262624.345187 3846973.019948
262622.227502 3846972.630569
262620.109817 3846972.241191
262617.994994 3846971.962745
262615.877308 3846971.573368
262613.759622 3846971.183992
262611.819362 3846970.568027
262609.784663 3846969.843493
262607.844403 3846969.227529
262605.809703 3846968.502997
262603.869442 3846967.887033
262601.926317 3846967.160138
262599.894480 3846966.546539
262597.951355 3846965.819645
262595.916654 3846965.095114
262593.976391 3846964.479153
262592.204965 3846963.303807
262590.430676 3846962.017531
262588.567673 3846960.844549
262586.793383 3846959.558273
262585.021955 3846958.382929
262583.250527 3846957.207586
262581.476235 3846955.921311
262579.613231 3846954.748331
262577.838938 3846953.462057
262576.067508 3846952.286714
262574.648065 3846950.547261
262573.137046 3846948.810171
262571.717603 3846947.070718
262570.206583 3846945.333628
262568.787138 3846943.594176
262567.370556 3846941.965655
262565.859534 3846940.228566
262564.440088 3846938.489114
262562.929065 3846936.752025
262561.509618 3846935.012574
262560.539460 3846932.928510
262559.474863 3846930.735878
262558.504704 3846928.651814
262557.534545 3846926.567751
262556.561523 3846924.372756
262555.499787 3846922.291056
262554.529627 3846920.206992
262553.559466 3846918.122929
262552.494866 3846915.930298
262551.524704 3846913.846235
262551.095409 3846911.415196
262550.668978 3846909.095088
262550.239683 3846906.664048
262549.810387 3846904.233009
262549.383955 3846901.912901
262549.046236 3846899.479498
262548.616940 3846897.048459
262548.187644 3846894.617420
262547.761211 3846892.297312
262547.331915 3846889.866273
262547.452077 3846887.421051
262547.572239 3846884.975830
262547.689537 3846882.419677
262547.809699 3846879.974456
262548.021438 3846877.526872
262548.141601 3846875.081650
262548.261763 3846872.636429
262548.379063 3846870.080277
262548.499225 3846867.635056
262548.619388 3846865.189835
262549.203161 3846862.954659
262549.692494 3846860.610915
262550.276267 3846858.375739
262550.768464 3846856.142926
262551.349374 3846853.796819
262551.933148 3846851.561643
262552.425346 3846849.328831
262553.009121 3846847.093655
262553.498456 3846844.749912
262554.082231 3846842.514736
262555.132480 3846840.600537
262556.088290 3846838.577771
262557.135677 3846836.552641
262558.094350 3846834.640806
262559.144601 3846832.726608
262560.100413 3846830.703842
262561.150665 3846828.789644
262562.106477 3846826.766878
262563.153867 3846824.741749
262564.112543 3846822.829915
262565.723711 3846821.345264
262567.337741 3846819.971544
262568.948910 3846818.486893
262570.560079 3846817.002242
262572.174111 3846815.628523
262573.785281 3846814.143872
262575.396452 3846812.659222
262577.007623 3846811.174573
262578.621658 3846809.800855
262580.232830 3846808.316206
262582.230350 3846807.598625
262584.322310 3846806.989613
262586.319831 3846806.272032
262588.408929 3846805.552090
262590.409313 3846804.945442
262592.406835 3846804.227863
262594.495934 3846803.507921
262596.493456 3846802.790344
262598.585419 3846802.181335
262600.582941 3846801.463758
262602.692079 3846801.520339
262604.798354 3846801.465989
262606.999068 3846801.520207
262609.108206 3846801.576790
262611.217343 3846801.633373
262613.323618 3846801.579025
262615.432755 3846801.635609
262617.633470 3846801.689830
262619.739744 3846801.635484
262621.848881 3846801.692069
262623.792037 3846802.418969
262625.826770 3846803.143508
262627.769925 3846803.870409
262629.713080 3846804.597311
262631.747812 3846805.321850
262633.688104 3846805.937821
262635.631258 3846806.664724
262637.574412 3846807.391627
262639.609142 3846808.116169
262641.552295 3846808.843073
262643.589887 3846809.678546
262645.630340 3846810.624951
262647.759508 3846811.458063
262649.797099 3846812.293538
262651.834689 3846813.129013
262653.875140 3846814.075420
262655.912730 3846814.910896
262658.041895 3846815.744010
262660.082346 3846816.690418
262662.119934 3846817.525896
262664.343537 3846818.467580
262666.475563 3846819.411627
262668.699165 3846820.353313
262670.831190 3846821.297361
262673.054792 3846822.239047
262675.278393 3846823.180734
262677.410416 3846824.124784
262679.634016 3846825.066472
262681.766039 3846826.010522
262683.989638 3846826.952211
262686.307675 3846828.002470
262688.622849 3846828.941798
262690.940885 3846829.992057
262693.256059 3846830.931386
262695.574094 3846831.981647
262697.892128 3846833.031908
262700.207300 3846833.971239
262702.525333 3846835.021501
262704.840504 3846835.960833
262707.158536 3846837.011097
262709.568144 3846838.058999
262711.977752 3846839.106902
262714.295782 3846840.157167
262716.705388 3846841.205071
262719.112133 3846842.142044
262721.521738 3846843.189949
262723.931343 3846844.237855
262726.249370 3846845.288123
262728.658974 3846846.336030
262731.068577 3846847.383938
262733.569756 3846848.429484
262735.979357 3846849.477393
262738.480535 3846850.522941
262740.981712 3846851.568489
262743.482889 3846852.614038
262745.895349 3846853.772881
262748.396524 3846854.818431
262750.897699 3846855.863982
262753.307297 3846856.911895
262755.808470 3846857.957447
262758.309643 3846859.003000
262760.810815 3846860.048554
262763.220410 3846861.096469
262765.721581 3846862.142024
262768.222752 3846863.187580
262770.726782 3846864.344067
262773.227951 3846865.389624
262775.637544 3846866.437543
262778.138712 3846867.483101
262780.639879 3846868.528659
262782.955032 3846869.468010
262785.364622 3846870.515931
262787.679775 3846871.455282
262789.997787 3846872.505566
262792.407375 3846873.553489
262794.722526 3846874.492842
262797.040537 3846875.543127
262799.355687 3846876.482482
262801.765273 3846877.530407
262804.080422 3846878.469763
262806.303994 3846879.411480
262808.435989 3846880.355558
262810.659560 3846881.297276
262812.791555 3846882.241356
262814.926408 3846883.296368
262817.149978 3846884.238087
262819.373547 3846885.179808
262821.505540 3846886.123889
262823.729108 3846887.065610
262825.861099 3846888.009693
262827.898654 3846888.845205
262830.030645 3846889.789289
262832.068199 3846890.624802
262834.108613 3846891.571247
262836.237742 3846892.404401
262838.278155 3846893.350847
262840.315708 3846894.186362
262842.356119 3846895.132809
262844.485247 3846895.965964
262846.525658 3846896.912412
262848.563209 3846897.747929
262850.603619 3846898.694377
262852.641169 3846899.529895
262854.678719 3846900.365413
262856.624692 3846901.203292
262858.665101 3846902.149743
262860.702649 3846902.985262
262862.740197 3846903.820782
262864.780604 3846904.767234
262866.818151 3846905.602754
262868.855698 3846906.438275
262870.893245 3846907.273797
262872.842074 3846908.222611
262874.879620 3846909.058133
262876.917165 3846909.893656
262878.954710 3846910.729179
262880.992255 3846911.564703
262882.941082 3846912.513519
262884.978626 3846913.349043
262887.016169 3846914.184568
262889.053712 3846915.020094
262891.091254 3846915.855620
262893.128796 3846916.691146
262895.166338 3846917.526672
262897.298314 3846918.470771
262899.335855 3846919.306298
262901.373395 3846920.141826
262903.410935 3846920.977355
262905.448475 3846921.812884
262907.486014 3846922.648413
262909.526412 3846923.594874
262911.472375 3846924.432764
262913.512772 3846925.379226
262915.550309 3846926.214757
262917.590705 3846927.161220
262919.539525 3846928.110044
262921.577062 3846928.945576
262923.617456 3846929.892040
262925.563416 3846930.729933
262927.603810 3846931.676398
262929.555487 3846932.736155
262931.507162 3846933.795912
262933.367262 3846934.858029
262935.318937 3846935.917787
262937.270612 3846936.977545
262939.225144 3846938.148235
262941.176818 3846939.207994
262943.036915 3846940.270114
262944.988588 3846941.329873
262946.940260 3846942.389633
262948.714498 3846943.675976
262950.491593 3846945.073251
262952.268688 3846946.470526
262954.042924 3846947.756869
262955.817159 3846949.043213
262957.502677 3846950.442849
262959.279770 3846951.840125
262961.054004 3846953.126470
262962.828237 3846954.412815
262964.605328 3846955.810092
262966.021833 3846957.438670
262967.441196 3846959.178180
262968.857701 3846960.806759
262970.277063 3846962.546269
262971.693566 3846964.174848
262973.201644 3846965.801068
262974.621005 3846967.540579
262976.037507 3846969.169158
262977.456866 3846970.908669
262978.873367 3846972.537249
262979.932141 3846974.508061
262980.896481 3846976.370301
262981.863678 3846978.343473
262982.922451 3846980.314285
262983.978365 3846982.174166
262984.945561 3846984.147338
262986.004332 3846986.118151
262986.971528 3846988.091323
262987.935865 3846989.953563
262988.994635 3846991.924376
262989.598388 3846994.017917
262990.199282 3846996.000526
262990.803034 3846998.094067
262991.403927 3847000.076677
262992.007679 3847002.170218
262992.519855 3847004.266118
262993.120748 3847006.248728
262993.724499 3847008.342269
262994.325392 3847010.324879
262994.929142 3847012.418420
262995.258167 3847014.519039
262995.492760 3847016.511086
262995.821786 3847018.611705
262996.059236 3847020.714683
262996.388261 3847022.815302
262996.714428 3847024.804990
262996.951879 3847026.907968
262997.280904 3847029.008587
262997.515496 3847031.000634
262997.844521 3847033.101253
262997.895963 3847035.098018
262997.947406 3847037.094783
262997.907275 3847039.093908
262997.958717 3847041.090673
262998.013018 3847043.198370
262998.064461 3847045.195136
262998.115904 3847047.191901
262998.075773 3847049.191026
262998.127216 3847051.187791
262998.178659 3847053.184557
262998.224386 3847054.959459
262998.175681 3847056.625790
262998.221408 3847058.400692
262998.172703 3847060.067023
262998.126856 3847061.844285
262998.172583 3847063.619187
262998.123878 3847065.285518
262998.169606 3847067.060420
262998.120901 3847068.726751
262998.166628 3847070.501653
262998.570079 3847071.934325
262998.879097 3847073.258424
262999.282548 3847074.691095
262999.591566 3847076.015194
262999.995016 3847077.447866
263000.395608 3847078.769606
263000.707484 3847080.204637
263001.108076 3847081.526377
263001.419952 3847082.961407
263001.820544 3847084.283147
263002.847865 3847085.033716
263003.878044 3847085.895216
263004.813790 3847086.648143
263005.841111 3847087.398712
263006.871289 3847088.260212
263007.898609 3847089.010781
263008.925929 3847089.761350
263009.861675 3847090.514279
263010.891853 3847091.375779
263011.919172 3847092.126349
263014.669252 3847092.166506
263017.422189 3847092.317596
263020.172269 3847092.357756
263022.925206 3847092.508847
263025.675285 3847092.549008
263028.516938 3847092.586811
263031.269875 3847092.737905
263034.019954 3847092.778069
263036.772890 3847092.929165
263039.522969 3847092.969330
263042.825349 3847093.106274
263046.127729 3847093.243220
263049.518826 3847093.266876
263052.821205 3847093.403824
263056.123585 3847093.540773
263059.425964 3847093.677724
263062.728343 3847093.814675
263066.119439 3847093.838338
263069.421818 3847093.975292
263072.724197 3847094.112247
263076.392871 3847094.239769
263080.061545 3847094.367293
263083.727363 3847094.383887
263087.396036 3847094.511413
263091.064710 3847094.638941
263094.641809 3847094.768829
263098.310483 3847094.896360
263101.976299 3847094.912961
263105.644972 3847095.040495
263109.313644 3847095.168031
263112.799169 3847095.300284
263116.190262 3847095.323965
263119.675787 3847095.456220
263123.158454 3847095.477546
263126.643978 3847095.609804
263130.037927 3847095.744422
263133.520594 3847095.765751
263137.006117 3847095.898013
263140.397210 3847095.921703
