332377.127129 4067752.405180
332376.549484 4067752.697860
332375.968076 4067752.985400
332375.382338 4067753.279910
332374.793697 4067753.576690
332374.200969 4067753.874550
332373.603582 4067754.176280
332373.002057 4067754.490180
332372.401038 4067754.802520
332371.793408 4067755.114880
332371.182948 4067755.437730
332370.570002 4067755.756850
332369.955648 4067756.072450
332369.339919 4067756.390860
332368.728368 4067756.712730
332368.109444 4067757.041290
332367.487988 4067757.372790
332366.861989 4067757.695830
332366.231828 4067758.029830
332365.599864 4067758.358430
332364.958156 4067758.682120
332364.320786 4067759.012930
332363.679610 4067759.350030
332363.035701 4067759.679860
332362.383881 4067760.011740
332361.735470 4067760.344320
332361.088854 4067760.677310
332360.436105 4067761.011870
332359.780919 4067761.349690
332359.121982 4067761.687580
332358.463488 4067762.020700
332357.804742 4067762.363700
332357.137408 4067762.701540
332356.468330 4067763.036970
332355.798478 4067763.387620
332355.122394 4067763.730180
332354.450580 4067764.071880
332353.767849 4067764.417120
332353.085709 4067764.765130
332352.395364 4067765.104750
332351.706218 4067765.446240
332351.017060 4067765.796270
332350.318128 4067766.153480
332349.618121 4067766.505950
332348.919562 4067766.859380
332348.217076 4067767.213010
332347.514229 4067767.575520
332346.806592 4067767.930680
332346.091210 4067768.291660
332345.373222 4067768.651920
332344.661880 4067769.009370
332343.939347 4067769.383810
332343.215911 4067769.739510
332342.496397 4067770.113000
332341.772338 4067770.487030
332341.043723 4067770.856480
332340.313579 4067771.234510
332339.577165 4067771.602560
332338.834316 4067771.974960
332338.096367 4067772.355800
332337.352895 4067772.737420
332336.598458 4067773.120140
332335.845576 4067773.504720
332335.099998 4067773.892820
332334.341824 4067774.276280
332333.585501 4067774.667590
332332.815725 4067775.056160
332332.050741 4067775.447640
332331.286735 4067775.843430
332330.508433 4067776.239050
332329.732510 4067776.637510
332328.949600 4067777.030450
332328.169051 4067777.434440
332327.386416 4067777.827700
332326.594871 4067778.231250
332325.806973 4067778.638490
332325.007640 4067779.050280
332324.217121 4067779.451470
332323.409370 4067779.857550
332322.603990 4067780.266140
332321.799028 4067780.668720
332320.989338 4067781.089820
332320.172738 4067781.504730
332319.356022 4067781.922860
332318.537430 4067782.345470
332317.706844 4067782.762320
332316.886272 4067783.179630
332316.054721 4067783.601940
332315.218602 4067784.019010
332314.380581 4067784.434780
332313.539559 4067784.866040
332312.693945 4067785.290850
332311.844334 4067785.725940
332310.995258 4067786.161020
332310.150992 4067786.595340
332309.299047 4067787.025260
332308.439499 4067787.459220
332307.574961 4067787.898380
332306.711613 4067788.329850
332305.848483 4067788.772430
332304.976101 4067789.212400
332304.105416 4067789.656900
332303.230182 4067790.097160
332302.370257 4067790.543770
332301.491819 4067790.989200
332300.624153 4067791.428200
332299.751807 4067791.869950
332298.884252 4067792.310060
332298.008338 4067792.761210
332297.139122 4067793.203120
332296.262405 4067793.649740
332295.386052 4067794.101220
332294.505796 4067794.554120
332293.634508 4067795.004290
332292.760464 4067795.450520
332291.879525 4067795.904990
332291.003775 4067796.364460
332290.129929 4067796.816230
332289.250830 4067797.264330
332288.375630 4067797.719910
332287.499637 4067798.166950
332286.614371 4067798.619390
332285.735055 4067799.065500
332284.847186 4067799.512780
332283.967391 4067799.961790
332283.086891 4067800.415800
332282.200932 4067800.869370
332281.318742 4067801.319200
332280.436199 4067801.773800
332279.548220 4067802.233630
332278.657725 4067802.683620
332277.776358 4067803.138980
332276.888138 4067803.600140
332276.000980 4067804.056280
332275.106734 4067804.510790
332274.219355 4067804.964720
332273.327911 4067805.425500
332272.435122 4067805.881420
332271.542904 4067806.339100
332270.642534 4067806.795620
332269.745326 4067807.253960
332268.849530 4067807.720480
332267.947924 4067808.177680
332267.043961 4067808.637710
332266.143543 4067809.100880
332265.243679 4067809.560390
332264.336228 4067810.029250
332263.437085 4067810.493620
332262.521737 4067810.946990
332261.618711 4067811.418320
332260.706847 4067811.880830
332259.798514 4067812.350260
332258.889382 4067812.815380
332257.978366 4067813.280100
332257.074158 4067813.741240
332256.166409 4067814.208560
332255.268153 4067814.672580
332254.363138 4067815.128960
332253.471964 4067815.576090
332252.572435 4067816.034360
332251.675347 4067816.485040
332250.782571 4067816.950620
332249.896766 4067817.398190
332249.008812 4067817.854580
332248.128984 4067818.310800
332247.243543 4067818.749600
332246.358884 4067819.210030
332245.482423 4067819.655750
332244.613296 4067820.102000
332243.738743 4067820.544800
332242.868450 4067820.995290
332242.003311 4067821.435360
332241.134666 4067821.874270
332240.273300 4067822.324470
332239.414037 4067822.768090
332238.555367 4067823.214570
332237.696434 4067823.643090
332236.841512 4067824.080290
332235.990425 4067824.521740
332235.129669 4067824.962050
332234.272537 4067825.391310
332233.420467 4067825.828120
332232.581992 4067826.270440
332231.732554 4067826.709420
332230.898059 4067827.154210
332230.039908 4067827.586150
332229.199262 4067828.022520
332228.348436 4067828.458980
332227.499009 4067828.889410
332226.657641 4067829.329900
332225.815328 4067829.763190
332224.967940 4067830.197360
332224.132903 4067830.623630
332223.292389 4067831.062110
332222.455331 4067831.485530
332221.607824 4067831.918150
332220.764897 4067832.342910
332219.922719 4067832.769430
332219.077089 4067833.197570
332218.234824 4067833.633300
332217.396312 4067834.055420
332216.552349 4067834.491080
332215.711021 4067834.929020
332214.864150 4067835.357630
332214.026699 4067835.792820
332213.184056 4067836.232010
332212.339692 4067836.660900
332211.494972 4067837.098900
332210.654807 4067837.536930
332209.808887 4067837.977510
332208.955577 4067838.419340
332208.112588 4067838.863640
332207.260846 4067839.308000
332206.409510 4067839.745690
332205.553910 4067840.189120
332204.698562 4067840.636320
332203.843079 4067841.081200
332202.985131 4067841.527890
332202.123007 4067841.975670
332201.266912 4067842.421230
332200.409890 4067842.878670
332199.548071 4067843.332880
332198.683570 4067843.782490
332197.818303 4067844.229440
332196.948814 4067844.679700
332196.075883 4067845.132130
332195.205327 4067845.587180
332194.335724 4067846.036220
332193.461093 4067846.488460
332192.581392 4067846.946350
332191.699657 4067847.400730
332190.825345 4067847.860070
332189.948575 4067848.317130
332189.064018 4067848.768790
332188.182109 4067849.223400
332187.297982 4067849.683270
332186.407416 4067850.138270
332185.514978 4067850.593410
332184.625367 4067851.051500
332183.738452 4067851.510430
332182.839393 4067851.974140
332181.945172 4067852.433980
332181.047651 4067852.889560
332180.153221 4067853.352410
332179.252826 4067853.816260
332178.352744 4067854.277880
332177.451735 4067854.733200
332176.544265 4067855.205180
332175.638083 4067855.670030
332174.733677 4067856.138840
332173.827908 4067856.606460
332172.917637 4067857.067730
332171.999014 4067857.535820
332171.085263 4067858.006370
332170.169520 4067858.475520
332169.256013 4067858.944840
332168.339266 4067859.422000
332167.418020 4067859.892920
332166.496893 4067860.369940
332165.572929 4067860.843470
332164.650816 4067861.315740
332163.724701 4067861.793410
332162.794537 4067862.269610
332161.864503 4067862.747920
332160.937315 4067863.225510
332160.006008 4067863.707170
332159.072947 4067864.181430
332158.130778 4067864.660310
332157.194066 4067865.144190
332156.250881 4067865.621420
332155.310088 4067866.111260
332154.375916 4067866.587990
332153.432880 4067867.068210
332152.493947 4067867.561790
332151.543927 4067868.045710
332150.595830 4067868.527480
332149.648831 4067869.019660
332148.703509 4067869.506260
332147.748372 4067869.993390
332146.787350 4067870.485620
332145.832677 4067870.973630
332144.876358 4067871.468770
332143.920190 4067871.953470
332142.958477 4067872.446830
332141.996145 4067872.926890
332141.031020 4067873.410330
332140.065849 4067873.909530
332139.101844 4067874.399930
332138.134401 4067874.892630
332137.157731 4067875.388510
332136.184106 4067875.875660
332135.215171 4067876.369720
332134.240975 4067876.859660
332133.259499 4067877.347310
332132.284774 4067877.837600
332131.299262 4067878.328980
332130.315700 4067878.824110
332129.340777 4067879.313400
332128.347487 4067879.799830
332127.366698 4067880.290570
332126.384656 4067880.781230
332125.386246 4067881.275310
332124.396815 4067881.767220
332123.392114 4067882.254760
332122.402311 4067882.745900
332121.405755 4067883.243390
332120.405867 4067883.744050
332119.405872 4067884.243830
332118.393582 4067884.731520
332117.393180 4067885.233310
332116.391348 4067885.735000
332115.381231 4067886.219660
332114.379495 4067886.717140
332113.369746 4067887.220550
332112.365071 4067887.736620
332111.362627 4067888.248100
332110.372671 4067888.776870
332109.366523 4067889.295300
332108.358954 4067889.809540
332107.349415 4067890.332700
332106.351043 4067890.869520
332105.350634 4067891.407260
332104.337680 4067891.952020
332103.324939 4067892.480350
332102.319913 4067893.019520
332101.304727 4067893.546120
332100.295836 4067894.079480
332099.280060 4067894.603320
332098.263728 4067895.135270
332097.247806 4067895.669880
332096.233737 4067896.203340
332095.213792 4067896.742350
332094.189553 4067897.258260
332093.164472 4067897.808590
332092.138051 4067898.340740
332091.118436 4067898.878300
332090.092135 4067899.412010
332089.069025 4067899.948980
332088.038968 4067900.491520
332087.014142 4067901.022980
332085.988071 4067901.559230
332084.962224 4067902.093250
332083.929882 4067902.614980
332082.902502 4067903.152810
332081.876849 4067903.678510
332080.842368 4067904.218590
332079.812290 4067904.755480
332078.778024 4067905.283790
332077.744723 4067905.806640
332076.709577 4067906.335640
332075.677017 4067906.868910
332074.644095 4067907.388320
332073.611858 4067907.915260
332072.577436 4067908.435580
332071.538214 4067908.970760
332070.504489 4067909.494730
332069.465838 4067910.013480
332068.433702 4067910.550070
332067.386823 4067911.063760
332066.349889 4067911.588020
332065.316380 4067912.109330
332064.280914 4067912.635550
332063.242967 4067913.167380
332062.202527 4067913.690490
332061.165990 4067914.216740
332060.122510 4067914.744230
332059.083618 4067915.273410
332058.051339 4067915.798140
332057.005037 4067916.332020
332055.973145 4067916.862840
332054.933129 4067917.393820
332053.891540 4067917.926600
332052.850308 4067918.450280
332051.809734 4067918.980160
332050.757318 4067919.502840
332049.711197 4067920.032280
332048.664975 4067920.565600
332047.614581 4067921.091240
332046.567782 4067921.627010
332045.513415 4067922.154950
332044.458009 4067922.675460
332043.403544 4067923.212060
332042.344118 4067923.732540
332041.281144 4067924.249770
332040.222677 4067924.778120
332039.157524 4067925.302600
332038.098558 4067925.832850
332037.048473 4067926.374130
332035.987206 4067926.905420
332034.926790 4067927.439130
332033.864136 4067927.968000
332032.800710 4067928.498560
332031.732784 4067929.031870
332030.660340 4067929.562600
332029.593764 4067930.091890
332028.522615 4067930.629360
332027.459794 4067931.167900
332026.384256 4067931.700250
332025.319107 4067932.233940
332024.240044 4067932.768690
332023.161496 4067933.306870
332022.086122 4067933.842990
332021.007125 4067934.381070
332019.932009 4067934.916630
332018.851510 4067935.460060
332017.773360 4067936.000340
332016.695233 4067936.546280
332015.611598 4067937.089220
332014.531630 4067937.632420
332013.444075 4067938.175890
332012.363969 4067938.721090
332011.279581 4067939.275700
332010.191454 4067939.826390
332009.103848 4067940.380840
332008.018698 4067940.933020
332006.926005 4067941.487690
332005.831028 4067942.039730
332004.740033 4067942.599020
332003.649989 4067943.152080
332002.552050 4067943.712510
332001.453963 4067944.274490
332000.352756 4067944.832210
331999.253323 4067945.393890
331998.147972 4067945.954350
331997.047690 4067946.518270
331995.947827 4067947.085280
331994.833081 4067947.649480
331993.731344 4067948.221080
331992.625292 4067948.791330
331991.516520 4067949.359510
331990.406043 4067949.927290
331989.294347 4067950.505750
331988.178701 4067951.083180
331987.065076 4067951.649800
331985.946054 4067952.228180
331984.827203 4067952.806110
331983.705990 4067953.377540
331982.586560 4067953.957820
331981.464725 4067954.529370
331980.338639 4067955.111890
331979.210082 4067955.691340
331978.082337 4067956.271230
331976.952417 4067956.849490
331975.824472 4067957.428270
331974.690826 4067958.012380
331973.557864 4067958.594920
331972.420969 4067959.172760
331971.281622 4067959.753100
331970.144819 4067960.335600
331969.003397 4067960.919420
331967.867420 4067961.503020
331966.728126 4067962.095120
331965.581835 4067962.681140
331964.440037 4067963.268520
331963.292374 4067963.866560
331962.154229 4067964.462520
331961.005401 4067965.055810
331959.861657 4067965.653210
331958.713229 4067966.244050
331957.559617 4067966.843870
331956.413879 4067967.439760
331955.263140 4067968.040300
331954.108946 4067968.637690
331952.951027 4067969.231930
331951.792408 4067969.831400
331950.637944 4067970.437790
331949.482879 4067971.045410
331948.319907 4067971.646080
331947.158845 4067972.257590
331945.999218 4067972.860300
331944.833407 4067973.466470
331943.671202 4067974.074340
331942.507203 4067974.681800
331941.340379 4067975.290980
331940.168160 4067975.902820
331938.998411 4067976.508620
331937.824678 4067977.120710
331936.654049 4067977.745290
331935.480513 4067978.358260
331934.300390 4067978.972480
331933.125069 4067979.594600
331931.951901 4067980.212670
331930.767264 4067980.824430
331929.586220 4067981.441660
331928.403074 4067982.061040
331927.210861 4067982.669060
331926.023835 4067983.286410
331924.832429 4067983.908180
331923.659853 4067984.542670
331922.471446 4067985.157940
331921.280280 4067985.778260
331920.089067 4067986.400680
331918.896534 4067987.019590
331917.701577 4067987.642420
331916.504253 4067988.258420
331915.306463 4067988.877990
331914.103018 4067989.500660
331912.902866 4067990.127260
331911.695893 4067990.743110
331910.491790 4067991.364130
331909.282999 4067991.987460
331908.075341 4067992.604780
331906.864732 4067993.226480
331905.657322 4067993.847340
331904.435415 4067994.466830
331903.220294 4067995.086170
331902.003544 4067995.709000
331900.786115 4067996.324510
331899.564411 4067996.940660
331898.341723 4067997.561270
331897.114848 4067998.182400
331895.888902 4067998.800860
331894.660805 4067999.418910
331893.430022 4068000.032130
331892.200401 4068000.645330
331890.965231 4068001.267070
331889.729137 4068001.882730
331888.490202 4068002.499220
331887.244845 4068003.120720
331886.004286 4068003.740900
331884.766721 4068004.354370
331883.520447 4068004.970120
331882.274943 4068005.588630
331881.023506 4068006.209800
331879.781992 4068006.831340
331878.527485 4068007.455350
331877.275918 4068008.074420
331876.026480 4068008.697230
331874.776157 4068009.320490
331873.519643 4068009.946880
331872.257903 4068010.575470
331870.999166 4068011.202340
331869.739414 4068011.827570
331868.482034 4068012.450750
331867.220155 4068013.076800
331865.953220 4068013.709160
331864.692008 4068014.346400
331863.429555 4068014.975010
331862.170023 4068015.620440
331860.909535 4068016.262660
331859.650537 4068016.921610
331858.387171 4068017.571890
331857.119399 4068018.229790
331855.857774 4068018.891350
331854.591520 4068019.540130
331853.335927 4068020.190470
331852.068078 4068020.844380
331850.793045 4068021.496330
331849.522994 4068022.147290
331848.252731 4068022.814680
331846.983490 4068023.470510
331845.706306 4068024.126600
331844.432936 4068024.790390
331843.165770 4068025.447180
331841.884161 4068026.114460
331840.613345 4068026.771870
331839.334085 4068027.431340
331838.052836 4068028.094180
331836.779386 4068028.758410
331835.504104 4068029.420350
331834.227844 4068030.096080
331832.940209 4068030.765700
331831.665716 4068031.426850
331830.380536 4068032.094090
331829.105348 4068032.774350
331827.816446 4068033.443110
331826.527055 4068034.114210
331825.245292 4068034.791700
331823.959479 4068035.463070
331822.664956 4068036.141150
331821.373964 4068036.808060
331820.077348 4068037.484190
331818.779425 4068038.152910
331817.492107 4068038.833960
331816.199056 4068039.509680
331814.896920 4068040.191250
331813.606303 4068040.863480
331812.306974 4068041.542440
331811.005780 4068042.221870
331809.701053 4068042.894280
331808.388286 4068043.566620
331807.089839 4068044.253990
331805.780350 4068044.934040
331804.478388 4068045.606170
331803.168509 4068046.280000
331801.856432 4068046.964650
331800.541878 4068047.636910
331799.223264 4068048.316140
331797.910420 4068048.989040
331796.591420 4068049.671380
331795.273768 4068050.345040
331793.946526 4068051.021550
331792.619247 4068051.700730
331791.296197 4068052.376940
331789.964827 4068053.052420
331788.645303 4068053.726230
331787.324137 4068054.398290
331786.002327 4068055.069370
331784.677471 4068055.739950
331783.356761 4068056.417010
331782.031299 4068057.079500
331780.710333 4068057.752560
331779.384859 4068058.423490
331778.073751 4068059.089140
331776.751097 4068059.758130
331775.433712 4068060.427010
331774.118140 4068061.088210
331772.805348 4068061.759000
331771.496057 4068062.417070
331770.194957 4068063.078310
331768.900423 4068063.728210
331767.603674 4068064.383590
331766.320162 4068065.035270
331765.035927 4068065.691080
331763.759621 4068066.341290
331762.483054 4068066.982730
331761.215810 4068067.621330
331759.957479 4068068.263530
331758.697823 4068068.901870
331757.442380 4068069.545560
331756.204070 4068070.170160
331754.962915 4068070.800030
331753.716230 4068071.430240
331752.490770 4068072.054250
331751.254002 4068072.670940
331750.031058 4068073.291140
331748.807668 4068073.906790
331747.599737 4068074.518250
331746.398447 4068075.126700
331745.193199 4068075.733780
331744.003791 4068076.333220
331742.817845 4068076.936150
331741.640814 4068077.524580
331740.472936 4068078.115170
331739.321995 4068078.690330
331738.169572 4068079.253750
331737.033667 4068079.812300
331735.902776 4068080.353320
331734.775803 4068080.889160
331733.657029 4068081.405860
331732.547753 4068081.910500
331731.448697 4068082.403390
331730.360157 4068082.885980
331729.278853 4068083.359550
331728.195851 4068083.810390
331727.124385 4068084.243700
331726.058102 4068084.659030
331725.001929 4068085.047980
331723.947341 4068085.417570
331722.900581 4068085.771930
331721.865747 4068086.101400
331720.831369 4068086.408670
331719.810910 4068086.701570
331718.794334 4068086.969310
331717.789003 4068087.209420
331716.791971 4068087.426390
331715.788648 4068087.618730
331714.803758 4068087.785510
331713.830394 4068087.929760
331712.864424 4068088.050330
331711.910156 4068088.148250
331710.956019 4068088.230190
331710.001799 4068088.285160
331709.048006 4068088.325580
331708.100809 4068088.342570
331707.154808 4068088.338660
331706.218346 4068088.306600
331705.279007 4068088.255400
331704.342848 4068088.197910
331703.403861 4068088.114730
331702.474930 4068088.016040
331701.555251 4068087.888200
331700.636285 4068087.746690
331699.727128 4068087.586240
331698.816028 4068087.399620
331697.919748 4068087.203620
331697.024031 4068086.986290
331696.137447 4068086.742810
331695.256830 4068086.489450
331694.383778 4068086.221070
331693.519743 4068085.934310
331692.662564 4068085.619220
331691.806053 4068085.292680
331690.961809 4068084.958580
331690.132674 4068084.597990
331689.306869 4068084.234120
331688.498408 4068083.843820
331687.706332 4068083.423790
331686.921535 4068083.005940
331686.157268 4068082.569270
331685.400583 4068082.109360
331684.654654 4068081.628700
331683.927978 4068081.127800
331683.223922 4068080.600820
331682.547872 4068080.062630
331681.879140 4068079.510530
331681.241921 4068078.943940
331680.635409 4068078.358210
331680.050337 4068077.763510
331679.486182 4068077.160520
331678.944585 4068076.546430
331678.428389 4068075.924960
331677.936470 4068075.293460
331677.468213 4068074.643410
331677.024999 4068073.990420
331676.603390 4068073.318810
331676.194494 4068072.630520
331675.815830 4068071.939750
331675.458033 4068071.233690
331675.126442 4068070.529340
331674.816186 4068069.810690
331674.531093 4068069.090770
331674.269904 4068068.346410
331674.032978 4068067.609450
331673.820283 4068066.864690
331673.630487 4068066.117030
331673.472290 4068065.363760
331673.340767 4068064.617840
331673.228867 4068063.870540
331673.147143 4068063.131520
331673.094048 4068062.394820
331673.060077 4068061.672180
331673.053487 4068060.951990
331673.081495 4068060.242440
331673.127425 4068059.531210
331673.190910 4068058.836060
331673.284281 4068058.152640
331673.403950 4068057.484680
331673.550615 4068056.822300
331673.717471 4068056.169170
331673.902864 4068055.527560
331674.116240 4068054.896270
331674.352928 4068054.273960
331674.607923 4068053.669600
331674.878036 4068053.066380
331675.170454 4068052.480040
331675.491891 4068051.915770
331675.829855 4068051.356170
331676.191550 4068050.822300
331676.564722 4068050.286090
331676.955387 4068049.780940
331677.369244 4068049.296870
331677.796627 4068048.823750
331678.241359 4068048.374360
331678.701658 4068047.944430
331679.172177 4068047.529950
331679.656885 4068047.128390
331680.153115 4068046.754020
331680.664399 4068046.400220
331681.186671 4068046.055530
331681.718768 4068045.733500
331682.267119 4068045.434020
331682.829537 4068045.145810
331683.396943 4068044.884130
331683.980334 4068044.640350
331684.569591 4068044.422300
331685.175195 4068044.222480
331685.780920 4068044.046950
331686.399772 4068043.889370
331687.024441 4068043.754980
331687.651224 4068043.628210
331688.283501 4068043.530960
331688.921867 4068043.452580
331689.565894 4068043.394060
331690.210592 4068043.346960
331690.860588 4068043.323950
331691.514104 4068043.316410
331692.170102 4068043.335120
331692.818923 4068043.356750
331693.476021 4068043.408630
331694.127573 4068043.469170
331694.781793 4068043.547290
331695.432802 4068043.643800
331696.095064 4068043.762840
331696.750291 4068043.887560
331697.402131 4068044.035330
331698.057630 4068044.187460
331698.712346 4068044.358810
331699.365040 4068044.549960
331700.017587 4068044.756310
331700.663561 4068044.969120
331701.319740 4068045.192050
331701.966931 4068045.421260
331702.611217 4068045.661740
331703.259766 4068045.923670
331703.904867 4068046.169240
331704.551256 4068046.430320
331705.196129 4068046.709640
331705.840071 4068046.987080
331706.493029 4068047.264240
331707.150656 4068047.542640
331707.797768 4068047.840440
331708.452817 4068048.128550
331709.100099 4068048.430450
331709.757834 4068048.741590
331710.412249 4068049.051910
331711.069244 4068049.361730
331711.727294 4068049.684290
331712.383780 4068050.013650
331713.051756 4068050.336800
331713.709719 4068050.668570
331714.368162 4068051.006560
331715.044956 4068051.342070
331715.716207 4068051.672810
331716.386523 4068052.019550
331717.044820 4068052.359200
331717.718155 4068052.691450
331718.383823 4068053.019860
331719.038503 4068053.348260
331719.701167 4068053.669290
331720.362077 4068053.982910
331721.024317 4068054.286970
331721.686910 4068054.595350
331722.343120 4068054.892530
331723.002352 4068055.188990
331723.671496 4068055.467160
331724.324666 4068055.741540
331724.977879 4068056.004490
331725.636303 4068056.269000
331726.294064 4068056.517980
331726.949649 4068056.760800
331727.609714 4068056.990640
331728.258660 4068057.218380
331728.911354 4068057.432280
331729.561784 4068057.640120
331730.213575 4068057.835400
331730.868495 4068058.021730
331731.519794 4068058.187490
331732.170006 4068058.343390
331732.820315 4068058.486080
331733.475539 4068058.610700
331734.127645 4068058.726720
331734.778616 4068058.830440
331735.420024 4068058.924810
331736.070636 4068058.996690
331736.723795 4068059.057300
331737.361459 4068059.106680
331738.007298 4068059.140250
331738.645191 4068059.160430
331739.282284 4068059.162650
331739.925801 4068059.159980
331740.551553 4068059.139670
331741.180133 4068059.104210
331741.799313 4068059.054060
331742.420315 4068058.983010
331743.039409 4068058.919440
331743.656329 4068058.827050
331744.274008 4068058.727880
331744.888173 4068058.613570
331745.499401 4068058.490660
331746.101192 4068058.342180
331746.717180 4068058.179780
331747.322004 4068058.003830
331747.926162 4068057.825790
331748.534206 4068057.636460
331749.139868 4068057.421430
331749.736162 4068057.206920
331750.337780 4068056.986080
331750.939674 4068056.747490
331751.539057 4068056.499280
331752.141483 4068056.246910
331752.749755 4068055.987430
331753.362311 4068055.714220
331753.973145 4068055.439710
331754.592497 4068055.148710
331755.217288 4068054.861720
331755.847516 4068054.569620
331756.473719 4068054.268170
331757.113900 4068053.968890
331757.756644 4068053.654680
331758.401512 4068053.334880
331759.057424 4068053.013420
331759.719676 4068052.687400
331760.384551 4068052.362990
331761.054466 4068052.035930
331761.734084 4068051.702680
331762.415199 4068051.359310
331763.103009 4068051.011140
331763.803320 4068050.662720
331764.508434 4068050.313330
331765.216395 4068049.954220
331765.932995 4068049.593830
331766.652231 4068049.226730
331767.377629 4068048.859510
331768.109812 4068048.492160
331768.851898 4068048.119610
331769.604561 4068047.744420
331770.357206 4068047.359240
331771.123740 4068046.971780
331771.894433 4068046.591350
331772.673690 4068046.196770
331773.454922 4068045.798150
331774.250251 4068045.403250
331775.047063 4068044.997440
331775.855769 4068044.587850
331776.671706 4068044.178000
331777.490284 4068043.766210
331778.318546 4068043.347250
331779.155957 4068042.925660
331779.995570 4068042.502470
331780.846333 4068042.069410
331781.702172 4068041.635580
331782.566931 4068041.196590
331783.436633 4068040.754610
331784.318161 4068040.314390
331785.206228 4068039.861510
331786.098214 4068039.412540
331786.995499 4068038.960580
331787.901709 4068038.499130
331788.812891 4068038.036130
331789.725504 4068037.577770
331790.636860 4068037.114550
331791.553530 4068036.649000
331792.475240 4068036.189910
331793.396851 4068035.716720
331794.321256 4068035.244810
331795.254283 4068034.775280
331796.181817 4068034.312510
331797.111327 4068033.845830
331798.041343 4068033.373030
331798.976380 4068032.901240
331799.917588 4068032.425230
331800.860456 4068031.947400
331801.800981 4068031.459410
331802.752289 4068030.974650
331803.700604 4068030.483070
331804.654747 4068029.992590
331805.605320 4068029.497750
331806.560578 4068029.000370
331807.507602 4068028.506700
331808.471942 4068028.012360
331809.432913 4068027.528410
331810.399371 4068027.028260
331811.362291 4068026.529840
331812.329943 4068026.035880
331813.293274 4068025.535680
331814.265093 4068025.035530
331815.238666 4068024.533800
331816.218692 4068024.028610
331817.199196 4068023.520410
331818.186836 4068023.016290
331819.172361 4068022.518200
331820.159840 4068022.010430
331821.144850 4068021.499700
331822.140282 4068020.987550
331823.139907 4068020.479640
331824.140883 4068019.963270
331825.146449 4068019.453140
331826.149632 4068018.935400
331827.152595 4068018.415550
331828.168076 4068017.900890
331829.177987 4068017.384570
331830.195075 4068016.860780
331831.207475 4068016.334760
331832.230295 4068015.811750
331833.258835 4068015.288840
331834.286396 4068014.761630
331835.317653 4068014.231570
331836.353617 4068013.700090
331837.391715 4068013.177220
331838.431322 4068012.649330
331839.476790 4068012.124210
331840.524061 4068011.595390
331841.572334 4068011.067550
331842.627645 4068010.534240
331843.681685 4068009.999850
331844.743532 4068009.467300
331845.816366 4068008.925660
331846.881273 4068008.389720
331847.950893 4068007.852700
331849.010756 4068007.310090
331850.082580 4068006.762480
331851.161052 4068006.212290
331852.241341 4068005.663620
331853.321762 4068005.112620
331854.406653 4068004.557200
331855.487608 4068004.001530
331856.581319 4068003.449490
331857.671953 4068002.904500
331858.768170 4068002.339090
331859.861807 4068001.778730
331860.963035 4068001.213780
331862.061642 4068000.642660
331863.164841 4068000.078010
331864.268291 4067999.503360
331865.378139 4067998.927030
331866.491821 4067998.359390
331867.603039 4067997.784590
331868.714719 4067997.206000
331869.817037 4067996.632820
331870.923874 4067996.057770
331872.028020 4067995.486660
331873.137453 4067994.907340
331874.244652 4067994.332510
331875.346633 4067993.760330
331876.448580 4067993.190930
331877.544967 4067992.615860
331878.639288 4067992.053830
331879.739384 4067991.481130
331880.832017 4067990.910470
331881.925260 4067990.343570
331883.007928 4067989.779430
331884.085014 4067989.213070
331885.167162 4067988.645170
331886.242016 4067988.078850
331887.316239 4067987.521320
331888.396380 4067986.960340
331889.470109 4067986.400370
331890.537070 4067985.841430
331891.601552 4067985.283640
331892.663113 4067984.727130
331893.725616 4067984.177710
331894.791134 4067983.627120
331895.843644 4067983.073670
331896.895808 4067982.529890
331897.947023 4067981.987790
331898.998075 4067981.441930
331900.047412 4067980.895200
331901.096467 4067980.356810
331902.137550 4067979.817240
331903.178421 4067979.280570
331904.217001 4067978.736390
331905.258983 4067978.201690
331906.292788 4067977.664480
331907.325759 4067977.139400
331908.361433 4067976.601820
331909.395523 4067976.070050
331910.426302 4067975.547000
331911.451307 4067975.021070
331912.479198 4067974.501080
331913.502277 4067973.981620
331914.524580 4067973.463630
331915.541108 4067972.942630
331916.557532 4067972.425420
331917.574739 4067971.902640
331918.588280 4067971.393250
331919.603807 4067970.884930
331920.614478 4067970.374930
331921.622566 4067969.869870
331922.632381 4067969.357220
331923.633994 4067968.849960
331924.637374 4067968.341660
331925.629144 4067967.833470
331926.630706 4067967.323540
331927.626395 4067966.819280
331928.617205 4067966.321320
331929.608641 4067965.818810
331930.599221 4067965.318200
331931.580053 4067964.812450
331932.567907 4067964.318550
331933.552955 4067963.822820
331934.533183 4067963.327180
331935.506149 4067962.830250
331936.488442 4067962.339680
331937.462077 4067961.849500
331938.440504 4067961.357670
331939.418406 4067960.870960
331940.384900 4067960.394580
331941.353423 4067959.907830
331942.321590 4067959.421200
331943.282579 4067958.941930
331944.244303 4067958.459200
331945.205888 4067957.983020
331946.161929 4067957.511060
331947.120193 4067957.034060
331948.068947 4067956.554910
331949.012576 4067956.083190
331949.953556 4067955.612970
331950.893356 4067955.146320
331951.826574 4067954.676590
331952.759328 4067954.215070
331953.690674 4067953.754580
331954.620683 4067953.294230
331955.546373 4067952.832300
331956.466974 4067952.365920
331957.380280 4067951.910120
331958.293357 4067951.460870
331959.200031 4067951.013070
331960.098522 4067950.562450
331960.989693 4067950.116620
331961.883439 4067949.674520
331962.766751 4067949.237840
331963.646735 4067948.795460
331964.518562 4067948.360670
331965.389319 4067947.926010
331966.261048 4067947.490780
331967.126320 4067947.054240
331967.984181 4067946.626940
331968.844250 4067946.193820
331969.695149 4067945.766770
331970.539872 4067945.343620
331971.382996 4067944.916390
331972.224260 4067944.489970
331973.057302 4067944.063270
331973.885894 4067943.646540
331974.714508 4067943.221810
331975.537310 4067942.805860
331976.356961 4067942.384080
331977.175092 4067941.966780
331977.987706 4067941.546030
331978.797873 4067941.141640
331979.604438 4067940.731230
331980.412213 4067940.309680
331981.216914 4067939.899860
331982.023904 4067939.497420
331982.823549 4067939.098460
331983.626832 4067938.693770
331984.426193 4067938.289490
331985.232395 4067937.892400
331986.032474 4067937.492760
331986.838595 4067937.096110
331987.648484 4067936.695730
331988.452326 4067936.296690
331989.264622 4067935.900590
331990.074916 4067935.498090
331990.893859 4067935.103850
331991.709112 4067934.708250
331992.524588 4067934.314860
331993.348185 4067933.921090
331994.170896 4067933.523120
331994.990989 4067933.132860
331995.817558 4067932.740360
331996.643494 4067932.347440
331997.478915 4067931.955320
331998.306548 4067931.557810
331999.143342 4067931.162890
331999.968460 4067930.773750
332000.804861 4067930.381510
332001.642324 4067929.988800
332002.484890 4067929.592100
332003.325484 4067929.195000
332004.171025 4067928.795140
332005.018966 4067928.399230
332005.868551 4067928.005170
332006.718777 4067927.602780
332007.568195 4067927.209280
332008.426174 4067926.815060
332009.281753 4067926.407780
332010.142854 4067926.004290
332010.998642 4067925.598570
332011.856691 4067925.194240
332012.711906 4067924.782090
332013.573470 4067924.374820
332014.432974 4067923.953590
332015.299773 4067923.540000
332016.158603 4067923.116350
332017.023830 4067922.690910
332017.883640 4067922.262580
332018.753271 4067921.833940
332019.616061 4067921.407220
332020.485240 4067920.969270
332021.353368 4067920.532340
332022.224185 4067920.086810
332023.089434 4067919.648830
332023.958221 4067919.200010
332024.832138 4067918.753090
332025.701785 4067918.302590
332026.576355 4067917.852550
332027.448961 4067917.393450
332028.315941 4067916.929910
332029.186514 4067916.471950
332030.060470 4067916.008830
332030.935480 4067915.535690
332031.810168 4067915.073440
332032.678507 4067914.597220
332033.552761 4067914.121990
332034.421956 4067913.648420
332035.292454 4067913.172930
332036.158093 4067912.691100
332037.025022 4067912.215790
332037.887431 4067911.733250
332038.750048 4067911.247600
332039.605826 4067910.768520
332040.462558 4067910.278870
332041.315554 4067909.799070
332042.162318 4067909.306730
332043.014948 4067908.821940
332043.863710 4067908.326680
332044.716882 4067907.833110
332045.564773 4067907.348080
332046.422962 4067906.859850
332047.279251 4067906.374880
332048.144169 4067905.901720
332049.012124 4067905.428620
332049.877812 4067904.926480
332050.750413 4067904.444290
332051.621189 4067903.951040
332052.501345 4067903.453280
332053.380144 4067902.959210
332054.268671 4067902.478380
332055.160426 4067901.984490
332056.061380 4067901.508740
332056.950302 4067901.007040
332057.855494 4067900.515110
332058.764330 4067900.044980
332059.674087 4067899.558060
332060.593579 4067899.071070
332061.509622 4067898.576710
332062.420890 4067898.071240
332063.353003 4067897.594660
332064.282391 4067897.102140
332065.215580 4067896.612110
332066.143644 4067896.115850
332067.078031 4067895.618580
332068.021401 4067895.123900
332068.966034 4067894.625320
332069.912166 4067894.130260
332070.860575 4067893.632940
332071.811417 4067893.118470
332072.765934 4067892.622800
332073.731296 4067892.115380
332074.699574 4067891.610890
332075.672739 4067891.100540
332076.639663 4067890.599860
332077.609814 4067890.072470
332078.588391 4067889.546590
332079.567946 4067889.043210
332080.557005 4067888.523450
332081.543140 4067888.009400
332082.538082 4067887.493520
332083.536493 4067886.967800
332084.532876 4067886.443450
332085.535974 4067885.919860
332086.538355 4067885.391620
332087.545147 4067884.865070
332088.554800 4067884.325030
332089.569971 4067883.797650
332090.586927 4067883.256470
332091.603754 4067882.722400
332092.631466 4067882.192220
332093.663261 4067881.651640
332094.690381 4067881.114040
332095.727950 4067880.571790
332096.771948 4067880.024870
332097.817268 4067879.481580
332098.854691 4067878.941000
332099.901151 4067878.396580
332100.945155 4067877.849990
332101.997985 4067877.311550
332103.050098 4067876.763910
332104.094263 4067876.225420
332105.147853 4067875.680200
332106.203261 4067875.145700
332107.255453 4067874.611160
332108.309116 4067874.069600
332109.360611 4067873.522310
332110.402354 4067872.983310
332111.449647 4067872.449420
332112.501322 4067871.920320
332113.545808 4067871.398140
332114.591147 4067870.855740
332115.639192 4067870.337380
332116.676613 4067869.805680
332117.714829 4067869.273520
332118.756293 4067868.752070
332119.783168 4067868.229120
332120.819583 4067867.709880
332121.845615 4067867.184950
332122.880237 4067866.651640
332123.899087 4067866.129410
332124.914478 4067865.599370
332125.934165 4067865.078780
332126.955788 4067864.552170
332127.964655 4067864.035570
332128.981935 4067863.510710
332129.991809 4067862.990760
332131.001862 4067862.475370
332132.007110 4067861.951850
332133.011666 4067861.434010
332134.009364 4067860.926290
332135.015783 4067860.416840
332136.019596 4067859.893020
332137.015409 4067859.384780
332138.011951 4067858.868210
332139.006296 4067858.367100
332139.993165 4067857.867370
332140.987377 4067857.368600
332141.980139 4067856.864190
332142.970944 4067856.364710
332143.956130 4067855.870230
332144.941597 4067855.380950
332145.922187 4067854.879900
332146.898368 4067854.386250
332147.879652 4067853.888620
332148.853777 4067853.399460
332149.826592 4067852.902660
332150.795373 4067852.405170
332151.762991 4067851.907590
332152.728373 4067851.418930
332153.694502 4067850.936470
332154.659054 4067850.446500
332155.617637 4067849.957310
332156.568128 4067849.469940
332157.524113 4067848.980360
332158.472513 4067848.500250
332159.422383 4067848.017670
332160.366458 4067847.540190
332161.306123 4067847.056480
332162.240307 4067846.575650
332163.174996 4067846.093260
332164.115027 4067845.628180
332165.038163 4067845.153340
332165.964424 4067844.673890
332166.890096 4067844.196220
332167.813796 4067843.722810
332168.737823 4067843.252390
332169.661885 4067842.779200
332170.583761 4067842.303830
332171.504221 4067841.833700
332172.425509 4067841.364780
332173.339579 4067840.887670
332174.262472 4067840.418610
332175.183514 4067839.946250
332176.102912 4067839.472040
332177.019727 4067838.998210
332177.933459 4067838.531100
332178.857028 4067838.060020
332179.776156 4067837.581160
332180.695365 4067837.115490
332181.615902 4067836.644700
332182.530962 4067836.172460
332183.451463 4067835.704330
332184.375268 4067835.227040
332185.292794 4067834.757530
332186.215496 4067834.292350
332187.128660 4067833.814490
332188.054876 4067833.341700
332188.977233 4067832.872530
332189.901430 4067832.401560
332190.834146 4067831.941400
332191.754957 4067831.479930
332192.680762 4067830.999820
332193.603136 4067830.536100
332194.526827 4067830.066580
332195.451752 4067829.587150
332196.376111 4067829.133490
332197.308937 4067828.660680
332198.236484 4067828.187420
332199.162396 4067827.721850
332200.090630 4067827.251690
332201.020462 4067826.776490
332201.948875 4067826.310880
332202.885726 4067825.847420
332203.811946 4067825.379300
332204.736562 4067824.897770
332205.668714 4067824.422420
332206.601442 4067823.949060
332207.526501 4067823.467310
332208.459302 4067822.988620
332209.380498 4067822.505720
332210.317429 4067822.023510
332211.250085 4067821.546480
332212.184143 4067821.068100
332213.118742 4067820.589940
332214.051855 4067820.108910
332214.980262 4067819.633860
332215.907239 4067819.149620
332216.835048 4067818.657720
332217.764503 4067818.167770
332218.695371 4067817.686130
332219.627793 4067817.178920
332220.554922 4067816.697900
332221.485902 4067816.208260
332222.413653 4067815.708810
332223.343213 4067815.215090
332224.272937 4067814.720590
332225.204433 4067814.225390
332226.134891 4067813.731880
332227.061510 4067813.224790
332227.994586 4067812.728120
332228.930580 4067812.239050
332229.864727 4067811.742350
332230.797048 4067811.243590
332231.732774 4067810.754520
332232.661508 4067810.250500
332233.597636 4067809.754540
332234.532478 4067809.256840
332235.467276 4067808.756800
332236.401496 4067808.259220
332237.335886 4067807.761190
332238.266685 4067807.253130
332239.206056 4067806.758560
332240.137717 4067806.258030
332241.079730 4067805.756970
332242.011749 4067805.256430
332242.947671 4067804.745390
332243.883292 4067804.250890
332244.821630 4067803.749120
332245.762095 4067803.251080
332246.699626 4067802.744670
332247.641681 4067802.241170
332248.582249 4067801.734690
332249.521699 4067801.235010
332250.460120 4067800.737460
332251.398795 4067800.230140
332252.333183 4067799.718240
332253.273969 4067799.218310
332254.211704 4067798.708560
332255.156678 4067798.194450
332256.097064 4067797.692310
332257.037402 4067797.187730
332257.981522 4067796.684740
332258.925837 4067796.182530
332259.870574 4067795.674530
332260.814125 4067795.165230
332261.753830 4067794.655660
332262.695277 4067794.152950
332263.644816 4067793.652960
332264.592727 4067793.151890
332265.538356 4067792.657420
332266.486953 4067792.154900
332267.440507 4067791.650060
332268.388327 4067791.153440
332269.337672 4067790.648020
332270.285781 4067790.143390
332271.239534 4067789.639550
332272.191283 4067789.129200
332273.146783 4067788.623320
332274.099658 4067788.124830
332275.045501 4067787.618470
332276.001508 4067787.106600
332276.958788 4067786.600350
332277.911291 4067786.091980
332278.868385 4067785.580860
332279.821592 4067785.071920
332280.779724 4067784.554460
332281.735072 4067784.040820
332282.692325 4067783.528690
332283.642878 4067783.011930
332284.603236 4067782.489530
332285.561465 4067781.977060
332286.518149 4067781.458620
332287.481965 4067780.944030
332288.434307 4067780.418250
332289.391616 4067779.904350
332290.351349 4067779.395610
332291.311330 4067778.872230
332292.271956 4067778.358930
332293.235880 4067777.840680
332294.194287 4067777.332640
332295.163512 4067776.825060
332296.126013 4067776.311720
332297.096797 4067775.806220
332298.062991 4067775.298910
332299.037852 4067774.791770
332300.010130 4067774.280470
332300.983238 4067773.784130
332301.958291 4067773.277650
332302.932277 4067772.780520
332303.913668 4067772.273810
332304.889662 4067771.783400
332305.872271 4067771.284100
332306.850055 4067770.789340
332307.834103 4067770.290560
332308.816418 4067769.799040
332309.803709 4067769.310750
332310.792333 4067768.826650
332311.782614 4067768.340520
332312.768159 4067767.854260
332313.760169 4067767.365210
332314.749702 4067766.881860
332315.741519 4067766.396590
332316.740174 4067765.913850
332317.730191 4067765.427830
332318.731658 4067764.947260
332319.727426 4067764.458460
332320.722009 4067763.986680
332321.721824 4067763.503800
332322.719685 4067763.026070
332323.721926 4067762.539370
332324.716122 4067762.061490
332325.704363 4067761.575960
332326.701259 4067761.099130
332327.696784 4067760.620670
332328.680595 4067760.146100
332329.666505 4067759.678370
332330.646711 4067759.197650
332331.618178 4067758.722220
332332.583135 4067758.251900
332333.552677 4067757.769400
332334.513743 4067757.291940
332335.470048 4067756.826790
332336.420872 4067756.369070
332337.364731 4067755.897840
332338.301636 4067755.422750
332339.236638 4067754.959900
332340.161526 4067754.486930
332341.083279 4067754.018020
332342.007529 4067753.558050
332342.917926 4067753.097690
332343.825499 4067752.634490
332344.725397 4067752.176220
332345.618644 4067751.720410
332346.507210 4067751.267350
332347.400876 4067750.819190
332348.283981 4067750.360920
332349.170620 4067749.909790
332350.055385 4067749.454140
332350.930389 4067749.001800
332351.811460 4067748.540010
332352.679767 4067748.083250
332353.544582 4067747.612340
332354.408050 4067747.145690
332355.268511 4067746.675980
332356.123412 4067746.205160
332356.975190 4067745.725410
332357.821901 4067745.242330
332358.669054 4067744.763560
332359.502709 4067744.275180
332360.339957 4067743.787840
332361.176524 4067743.297620
332362.001973 4067742.800740
332362.829772 4067742.309820
332363.651798 4067741.811450
332364.469619 4067741.308180
332365.281307 4067740.806460
332366.089733 4067740.293270
332366.887372 4067739.772080
332367.676699 4067739.250610
332368.464982 4067738.730600
332369.240700 4067738.202950
332370.008871 4067737.677680
332370.768081 4067737.146360
332371.520902 4067736.617170
332372.261387 4067736.078450
332372.993890 4067735.547220
332373.721683 4067735.012630
332374.432650 4067734.480930
332375.134669 4067733.943860
332375.825624 4067733.411990
332376.515571 4067732.878820
332377.189687 4067732.353720
332377.851730 4067731.827860
332378.508830 4067731.305100
332379.156582 4067730.792950
332379.796802 4067730.274850
332380.444134 4067729.750390
332381.073829 4067729.233050
332381.703012 4067728.726030
332382.327330 4067728.212350
332382.953748 4067727.710050
332383.577140 4067727.208370
332384.206846 4067726.705240
332384.839255 4067726.221470
332385.469549 4067725.730090
332386.095385 4067725.243670
332386.734272 4067724.766880
332387.376716 4067724.293800
332388.013310 4067723.836700
332388.661915 4067723.372590
332389.308741 4067722.927050
332389.962920 4067722.496690
332390.624060 4067722.079620
332391.275667 4067721.672950
332391.933113 4067721.281590
332392.603658 4067720.906840
332393.254657 4067720.542020
332393.911666 4067720.192180
332394.568958 4067719.861310
332395.223321 4067719.545040
332395.877781 4067719.247420
332396.524579 4067718.969030
332397.173787 4067718.708800
332397.812807 4067718.484720
332398.459698 4067718.265710
332399.097887 4067718.072180
332399.729991 4067717.914500
332400.350196 4067717.783250
332400.964317 4067717.660560
332401.573622 4067717.551940
332402.176332 4067717.471420
332402.764846 4067717.414050
332403.344008 4067717.376280
332403.918659 4067717.359020
332404.484927 4067717.356130
332405.039078 4067717.373010
332405.584645 4067717.403160
332406.128042 4067717.463870
332406.664078 4067717.540930
332407.196058 4067717.629840
332407.726010 4067717.761070
332408.250149 4067717.905620
332408.755923 4067718.079390
332409.253617 4067718.269300
332409.743689 4067718.475900
332410.218005 4067718.703560
332410.673613 4067718.947460
332411.123611 4067719.210450
332411.559239 4067719.492250
332411.975352 4067719.794750
332412.376552 4067720.106530
332412.767666 4067720.432380
332413.130678 4067720.778320
332413.494614 4067721.125790
332413.830612 4067721.497120
332414.450524 4067722.271320
332415.000938 4067723.081840
332415.477401 4067723.915680
332415.877085 4067724.792640
332416.205883 4067725.698850
332416.447137 4067726.623090
332416.592990 4067727.570060
332416.665600 4067728.517260
332416.642891 4067729.468540
332416.498686 4067730.405440
332416.278718 4067731.323410
332415.950781 4067732.210750
332415.514472 4067733.051490
332414.990759 4067733.826240
332414.372478 4067734.538590
332413.664967 4067735.173770
332412.878707 4067735.733360
332412.032027 4067736.218220
332411.136359 4067736.628230
332410.667848 4067736.819660
332410.190855 4067736.993050
332409.708648 4067737.151110
332409.225797 4067737.308200
332408.257269 4067737.587560
332407.293151 4067737.859520
332406.811652 4067738.008130
332405.857692 4067738.292430
332405.382126 4067738.447480
332404.447610 4067738.757700
332403.534681 4067739.098240
332402.642399 4067739.453140
332401.780583 4067739.817430
332400.962740 4067740.173870
332400.184379 4067740.525750
332399.477106 4067740.872360
332398.811584 4067741.202500
332398.191613 4067741.509660
332397.628885 4067741.784180
332397.121619 4067742.039970
332396.660514 4067742.276530
332396.075428 4067742.572470
332395.615635 4067742.812120
332395.157364 4067743.038300
