332363.039434 4067759.668436
332362.716997 4067759.835185
332362.393930 4067760.002200
332362.070204 4067760.169425
332361.745887 4067760.336795
332361.420940 4067760.504356
332361.095385 4067760.672104
332360.769194 4067760.840047
332360.442315 4067761.008195
332360.114722 4067761.176544
332359.786508 4067761.344946
332359.457632 4067761.513434
332359.128097 4067761.682154
332358.797868 4067761.851196
332358.466911 4067762.020414
332358.135235 4067762.189802
332357.802881 4067762.359362
332357.469797 4067762.529098
332357.136019 4067762.699050
332356.801522 4067762.869307
332356.466317 4067763.039810
332356.130383 4067763.210538
332355.793770 4067763.381578
332355.456461 4067763.552900
332355.118505 4067763.724463
332354.779886 4067763.896290
332354.440561 4067764.068314
332354.100570 4067764.240569
332353.759965 4067764.413058
332353.418690 4067764.585844
332353.076832 4067764.758933
332352.734365 4067764.932360
332352.391273 4067765.106124
332352.047517 4067765.280167
332351.703037 4067765.454465
332351.357806 4067765.629122
332351.011926 4067765.804188
332350.665380 4067765.979628
332350.318151 4067766.155385
332349.970157 4067766.331427
332349.621497 4067766.507780
332349.272196 4067766.684507
332348.922208 4067766.861591
332348.571500 4067767.039096
332348.220063 4067767.216999
332347.867874 4067767.395253
332347.515047 4067767.573865
332347.161504 4067767.752860
332346.807213 4067767.932222
332346.452196 4067768.111963
332346.096503 4067768.292135
332345.740144 4067768.472741
332345.383097 4067768.653695
332345.025313 4067768.835019
332344.666806 4067769.016804
332344.307555 4067769.199078
332343.947631 4067769.381759
332343.586996 4067769.564856
332343.225616 4067769.748345
332342.863495 4067769.932193
332342.500725 4067770.116367
332342.137300 4067770.300959
332341.773149 4067770.486062
332341.408207 4067770.671635
332341.042610 4067770.857634
332340.676336 4067771.044037
332340.309356 4067771.230821
332339.941661 4067771.418113
332339.573247 4067771.605970
332339.204061 4067771.794323
332338.834139 4067771.983021
332338.463514 4067772.172067
332338.092245 4067772.361513
332337.720237 4067772.551392
332337.347483 4067772.741679
332336.973985 4067772.932402
332336.599756 4067773.123528
332336.224725 4067773.314992
332335.848980 4067773.506835
332335.472518 4067773.699065
332335.095252 4067773.891669
332334.717185 4067774.084710
332334.338408 4067774.278145
332333.958833 4067774.472036
332333.578487 4067774.666428
332333.197353 4067774.861278
332332.815436 4067775.056590
332332.432743 4067775.252360
332332.049294 4067775.448460
332331.665052 4067775.644893
332331.280051 4067775.841709
332330.894281 4067776.038982
332330.507772 4067776.236629
332330.120479 4067776.434598
332329.732394 4067776.632886
332329.343448 4067776.831545
332328.953598 4067777.030582
332328.562823 4067777.229991
332328.171185 4067777.429804
332327.778738 4067777.629991
332327.385547 4067777.830508
332326.991519 4067778.031493
332326.596686 4067778.232912
332326.201033 4067778.434611
332325.804547 4067778.636638
332325.407260 4067778.839130
332325.009176 4067779.041997
332324.610264 4067779.245248
332324.210604 4067779.448909
332323.810156 4067779.652939
332323.408909 4067779.857299
332323.006853 4067780.062061
332322.604031 4067780.267262
332322.200393 4067780.472813
332321.795820 4067780.678654
332321.390277 4067780.884816
332320.983921 4067781.091303
332320.576796 4067781.298180
332320.168827 4067781.505497
332319.759985 4067781.713252
332319.350324 4067781.921417
332318.939766 4067782.129992
332318.528282 4067782.338984
332318.115900 4067782.548399
332317.702705 4067782.758141
332317.288773 4067782.968240
332316.874075 4067783.178770
332316.458534 4067783.389682
332316.042229 4067783.600925
332315.625195 4067783.812557
332315.207451 4067784.024537
332314.788904 4067784.236837
332314.369600 4067784.449444
332313.949592 4067784.662376
332313.528832 4067784.875651
332313.107358 4067785.089299
332312.685224 4067785.303347
332312.262339 4067785.517784
332311.838778 4067785.732536
332311.414579 4067785.947623
332310.989725 4067786.163004
332310.564182 4067786.378632
332310.137959 4067786.594560
332309.711105 4067786.810873
332309.283693 4067787.027593
332308.855732 4067787.244619
332308.427222 4067787.461872
332307.998118 4067787.679428
332307.568455 4067787.897349
332307.138294 4067788.115651
332306.707739 4067788.334280
332306.276720 4067788.553270
332305.845208 4067788.772663
332305.413306 4067788.992358
332304.981115 4067789.212323
332304.548516 4067789.432579
332304.115461 4067789.653097
332303.681994 4067789.873880
332303.248150 4067790.094873
332302.813960 4067790.316014
332302.379499 4067790.537286
332301.944752 4067790.758831
332301.509714 4067790.980676
332301.074355 4067791.202757
332300.638702 4067791.425025
332300.202779 4067791.647496
332299.766656 4067791.870123
332299.330339 4067792.092939
332298.893870 4067792.316020
332298.457169 4067792.539306
332298.020174 4067792.762739
332297.582997 4067792.986310
332297.145721 4067793.209962
332296.708278 4067793.433730
332296.270678 4067793.657649
332295.832902 4067793.881663
332295.395022 4067794.105770
332294.957034 4067794.329942
332294.518894 4067794.554164
332294.080597 4067794.778549
332293.642189 4067795.003038
332293.203646 4067795.227573
332292.764987 4067795.452184
332292.326190 4067795.676947
332291.887257 4067795.901844
332291.448203 4067796.126873
332291.009100 4067796.352040
332290.569996 4067796.577331
332290.130875 4067796.802729
332289.691683 4067797.028188
332289.252417 4067797.253637
332288.813021 4067797.479107
332288.373543 4067797.704672
332287.933939 4067797.930369
332287.494222 4067798.156170
332287.054397 4067798.382007
332286.614431 4067798.607846
332286.174326 4067798.833775
332285.734079 4067799.059827
332285.293611 4067799.285976
332284.852975 4067799.512146
332284.412173 4067799.738380
332283.971132 4067799.964720
332283.529809 4067800.191132
332283.088326 4067800.417700
332282.646796 4067800.644469
332282.205119 4067800.871291
332281.763142 4067801.098166
332281.320924 4067801.325172
332280.878545 4067801.552252
332280.435970 4067801.779346
332279.993158 4067802.006477
332279.550111 4067802.233679
332279.106864 4067802.460935
332278.663434 4067802.688243
332278.219747 4067802.915693
332277.775743 4067803.143316
332277.331478 4067803.371033
332276.886988 4067803.598786
332276.442209 4067803.826613
332275.997067 4067804.054540
332275.551571 4067804.282607
332275.105779 4067804.510875
332274.659662 4067804.739349
332274.213108 4067804.968097
332273.766208 4067805.197084
332273.319047 4067805.426206
332272.871614 4067805.655424
332272.423901 4067805.884788
332271.975861 4067806.114354
332271.527469 4067806.343997
332271.078782 4067806.573765
332270.629762 4067806.803808
332270.180449 4067807.034052
332269.730885 4067807.264414
332269.281049 4067807.494856
332268.830896 4067807.725370
332268.380487 4067807.956012
332267.929896 4067808.186914
332267.479141 4067808.417983
332267.028240 4067808.649025
332266.577139 4067808.880081
332266.125791 4067809.111262
332265.674272 4067809.342499
332265.222555 4067809.573767
332264.770601 4067809.805055
332264.318482 4067810.036371
332263.866290 4067810.267708
332263.414021 4067810.498985
332262.961705 4067810.730232
332262.509334 4067810.961521
332262.056897 4067811.192829
332261.604453 4067811.424149
332261.152065 4067811.655427
332260.699707 4067811.886553
332260.247413 4067812.117557
332259.795205 4067812.348483
332259.343074 4067812.579362
332258.891047 4067812.810164
332258.439136 4067813.040797
332257.987373 4067813.271388
332257.535866 4067813.501952
332257.084622 4067813.732398
332256.633621 4067813.962759
332256.182866 4067814.192990
332255.732402 4067814.423043
332255.282341 4067814.652914
332254.832649 4067814.882578
332254.383315 4067815.112108
332253.934424 4067815.341478
332253.485963 4067815.570605
332253.037930 4067815.799534
332252.590244 4067816.028214
332252.142933 4067816.256600
332251.696120 4067816.484709
332251.249834 4067816.712548
332250.803985 4067816.940064
332250.358539 4067817.167243
332249.913709 4067817.394182
332249.469530 4067817.620884
332249.025874 4067817.847301
332248.582776 4067818.073497
332248.140340 4067818.299471
332247.698529 4067818.525142
332247.257338 4067818.750552
332246.816756 4067818.975712
332246.376723 4067819.200535
332245.937281 4067819.425049
332245.498449 4067819.649314
332245.060243 4067819.873296
332244.622711 4067820.096984
332244.185792 4067820.320454
332243.749386 4067820.543776
332243.313570 4067820.766908
332242.878400 4067820.989751
332242.443740 4067821.212218
332242.009552 4067821.434424
332241.575936 4067821.656510
332241.142974 4067821.878406
332240.710579 4067822.100046
332240.278698 4067822.321497
332239.847344 4067822.542815
332239.416498 4067822.763991
332238.986139 4067822.984996
332238.556276 4067823.205819
332238.126872 4067823.426465
332237.697876 4067823.646879
332237.269325 4067823.867046
332236.841173 4067824.087081
332236.413373 4067824.307040
332235.985947 4067824.526821
332235.558953 4067824.746416
332235.132350 4067824.965824
332234.706062 4067825.184996
332234.280108 4067825.404019
332233.854577 4067825.622817
332233.429376 4067825.841335
332233.004421 4067826.059673
332232.579731 4067826.277813
332232.155301 4067826.495707
332231.731119 4067826.713446
332231.307194 4067826.931161
332230.883505 4067827.148798
332230.460085 4067827.366225
332230.036877 4067827.583451
332229.613846 4067827.800561
332229.191016 4067828.017553
332228.768431 4067828.234445
332228.346129 4067828.451248
332227.924033 4067828.667832
332227.502031 4067828.884184
332227.080104 4067829.100499
332226.658296 4067829.316805
332226.236646 4067829.533002
332225.815124 4067829.749158
332225.393768 4067829.965285
332224.972592 4067830.181349
332224.551523 4067830.397334
332224.130530 4067830.613223
332223.709621 4067830.829098
332223.288771 4067831.045000
332222.867999 4067831.260857
332222.447301 4067831.476666
332222.026622 4067831.692429
332221.605969 4067831.908149
332221.185371 4067832.123936
332220.764758 4067832.339829
332220.344128 4067832.555790
332219.923470 4067832.771742
332219.502770 4067832.987734
332219.082049 4067833.203817
332218.661280 4067833.419860
332218.240463 4067833.635905
332217.819608 4067833.852030
332217.398698 4067834.068267
332216.977746 4067834.284660
332216.556767 4067834.501194
332216.135656 4067834.717874
332215.714408 4067834.934694
332215.293024 4067835.151575
332214.871455 4067835.368499
332214.449718 4067835.585538
332214.027784 4067835.802751
332213.605752 4067836.020194
332213.183651 4067836.237852
332212.761377 4067836.455712
332212.338946 4067836.673739
332211.916464 4067836.892001
332211.493937 4067837.110545
332211.071147 4067837.329277
332210.648003 4067837.548164
332210.224634 4067837.767253
332209.801049 4067837.986575
332209.377149 4067838.206142
332208.952977 4067838.426004
332208.528518 4067838.646115
332208.103729 4067838.866451
332207.678659 4067839.087100
332207.253314 4067839.308031
332206.827671 4067839.529196
332206.401769 4067839.750640
332205.975543 4067839.972373
332205.548987 4067840.194397
332205.122185 4067840.416645
332204.695105 4067840.639090
332204.267692 4067840.861834
332203.839914 4067841.084879
332203.411794 4067841.308101
332202.983423 4067841.531456
332202.554697 4067841.755022
332202.125557 4067841.978833
332201.696026 4067842.202823
332201.266119 4067842.427015
332200.835829 4067842.651416
332200.405121 4067842.875957
332199.973958 4067843.100647
332199.542376 4067843.325476
332199.110391 4067843.550505
332198.677992 4067843.775754
332198.245201 4067844.001104
332197.812024 4067844.226593
332197.378409 4067844.452318
332196.944399 4067844.678142
332196.510007 4067844.904091
332196.075214 4067845.130229
332195.639967 4067845.356476
332195.204241 4067845.582794
332194.768114 4067845.809234
332194.331599 4067846.035806
332193.894654 4067846.262543
332193.457314 4067846.489496
332193.019562 4067846.716570
332192.581460 4067846.943698
332192.142995 4067847.170949
332191.704123 4067847.398303
332191.264880 4067847.625760
332190.825285 4067847.853330
332190.385292 4067848.081032
332189.944883 4067848.308865
332189.503995 4067848.536838
332189.062652 4067848.764888
332188.620939 4067848.993044
332188.178897 4067849.221362
332187.736455 4067849.449842
332187.293608 4067849.678438
332186.850359 4067849.907097
332186.406730 4067850.135846
332185.962685 4067850.364728
332185.518204 4067850.593754
332185.073292 4067850.822954
332184.627980 4067851.052285
332184.182266 4067851.281734
332183.736183 4067851.511313
332183.289708 4067851.741038
332182.842836 4067851.970895
332182.395532 4067852.200894
332181.947769 4067852.431045
332181.499601 4067852.661331
332181.051068 4067852.891717
332180.602165 4067853.122310
332180.152914 4067853.353179
332179.703277 4067853.584302
332179.253330 4067853.815645
332178.803045 4067854.047172
332178.352374 4067854.278847
332177.901313 4067854.510649
332177.449914 4067854.742633
332176.998140 4067854.974823
332176.545967 4067855.207117
332176.093364 4067855.439542
332175.640278 4067855.672210
332175.186734 4067855.905141
332174.732810 4067856.138305
332174.278515 4067856.371653
332173.823821 4067856.605075
332173.368695 4067856.838605
332172.913227 4067857.072328
332172.457371 4067857.306293
332172.001107 4067857.540519
332171.544413 4067857.774979
332171.087278 4067858.009588
332170.629766 4067858.244395
332170.171870 4067858.479456
332169.713579 4067858.714754
332169.254978 4067858.950288
332168.796003 4067859.186012
332168.336695 4067859.421883
332167.877069 4067859.657926
332167.417072 4067859.894177
332166.956689 4067860.130680
332166.495935 4067860.367379
332166.034758 4067860.604241
332165.573154 4067860.841348
332165.111107 4067861.078695
332164.648659 4067861.316206
332164.185832 4067861.553905
332163.722629 4067861.791897
332163.259075 4067862.030177
332162.795197 4067862.268708
332162.330891 4067862.507522
332161.866152 4067862.746493
332161.401019 4067862.985595
332160.935482 4067863.224900
332160.469516 4067863.464369
332160.003150 4067863.703974
332159.536411 4067863.943772
332159.069375 4067864.183736
332158.601987 4067864.423875
332158.134219 4067864.664260
332157.666070 4067864.904864
332157.197504 4067865.145622
332156.728517 4067865.386476
332156.259157 4067865.627448
332155.789370 4067865.868668
332155.319210 4067866.110152
332154.848682 4067866.351837
332154.377729 4067866.593693
332153.906368 4067866.835745
332153.434691 4067867.077981
332152.962683 4067867.320387
332152.490327 4067867.562928
332152.017585 4067867.805546
332151.544389 4067868.048277
332151.070675 4067868.291166
332150.596587 4067868.534226
332150.122153 4067868.777466
332149.647269 4067869.020842
332149.171923 4067869.264335
332148.696129 4067869.507938
332148.219911 4067869.751643
332147.743405 4067869.995414
332147.266577 4067870.239312
332146.789352 4067870.483356
332146.311694 4067870.727488
332145.833721 4067870.971734
332145.355424 4067871.216135
332144.876676 4067871.460656
332144.397459 4067871.705261
332143.917827 4067871.949895
332143.437797 4067872.194543
332142.957397 4067872.439177
332142.476592 4067872.683842
332141.995382 4067872.928548
332141.513732 4067873.173283
332141.031736 4067873.418141
332140.549382 4067873.663129
332140.066568 4067873.908128
332139.583321 4067874.153132
332139.099659 4067874.398146
332138.615551 4067874.643204
332138.131067 4067874.888444
332137.646188 4067875.133790
332137.160849 4067875.379123
332136.674977 4067875.624478
332136.188633 4067875.869803
332135.701860 4067876.115144
332135.214619 4067876.360409
332134.726859 4067876.605555
332134.238565 4067876.850628
332133.749762 4067877.095744
332133.260362 4067877.340782
332132.770443 4067877.585659
332132.280159 4067877.830475
332131.789446 4067878.075267
332131.298325 4067878.320077
332130.806838 4067878.565028
332130.315014 4067878.810067
332129.822768 4067879.055135
332129.330017 4067879.300141
332128.836793 4067879.545092
332128.343128 4067879.790005
332127.849049 4067880.034993
332127.354672 4067880.280035
332126.860021 4067880.525117
332126.365105 4067880.770399
332125.869852 4067881.015902
332125.374206 4067881.261554
332124.878131 4067881.507424
332124.381713 4067881.753638
332123.885009 4067882.000173
332123.387978 4067882.246988
332122.890619 4067882.494160
332122.393000 4067882.741786
332121.895131 4067882.989787
332121.397027 4067883.238101
332120.898650 4067883.486812
332120.400005 4067883.735916
332119.901094 4067883.985313
332119.401912 4067884.235017
332118.902445 4067884.485058
332118.402751 4067884.735398
332117.902834 4067884.986182
332117.402735 4067885.237611
332116.902468 4067885.489609
332116.402046 4067885.741899
332115.901447 4067885.994522
332115.400685 4067886.247643
332114.899684 4067886.501295
332114.398391 4067886.755444
332113.896835 4067887.010024
332113.395077 4067887.265068
332112.893161 4067887.520635
332112.391070 4067887.776704
332111.888772 4067888.033243
332111.386329 4067888.290210
332110.883682 4067888.547592
332110.380788 4067888.805476
332109.877709 4067889.063875
332109.374465 4067889.322746
332108.870973 4067889.582095
332108.367234 4067889.841933
332107.863266 4067890.102288
332107.359126 4067890.363251
332106.854888 4067890.624755
332106.350525 4067890.886653
332105.845890 4067891.148913
332105.340968 4067891.411616
332104.835871 4067891.674778
332104.330680 4067891.938265
332103.825390 4067892.202069
332103.319973 4067892.466205
332102.814299 4067892.730690
332102.308396 4067892.995579
332101.802337 4067893.260836
332101.296117 4067893.526480
332100.789609 4067893.792446
332100.282817 4067894.058653
332099.775863 4067894.325105
332099.268730 4067894.591745
332098.761368 4067894.858605
332098.253782 4067895.125777
332097.745946 4067895.393258
332097.237856 4067895.660962
332096.729512 4067895.928860
332096.220933 4067896.196983
332095.712015 4067896.465194
332095.202785 4067896.733339
332094.693332 4067897.001512
332094.183613 4067897.269784
332093.673618 4067897.538129
332093.163389 4067897.806559
332092.652854 4067898.074896
332092.141953 4067898.342950
332091.630760 4067898.610802
332091.119395 4067898.878608
332090.607783 4067899.146375
332090.095836 4067899.413984
332089.583595 4067899.681515
332089.071035 4067899.948974
332088.558184 4067900.216302
332088.045064 4067900.483433
332087.531794 4067900.750500
332087.018412 4067901.017452
332086.504797 4067901.284201
332085.990973 4067901.550804
332085.476931 4067901.817208
332084.962643 4067902.083367
332084.448098 4067902.349340
332083.933358 4067902.615106
332083.418518 4067902.880774
332082.903554 4067903.146334
332082.388464 4067903.411798
332081.873212 4067903.677207
332081.357709 4067903.942623
332080.842076 4067904.207984
332080.326313 4067904.473163
332079.810307 4067904.738186
332079.294138 4067905.003147
332078.777889 4067905.268054
332078.261486 4067905.532806
332077.744945 4067905.797388
332077.228326 4067906.061858
332076.711636 4067906.326292
332076.194827 4067906.590606
332075.677899 4067906.854739
332075.160854 4067907.118757
332074.643791 4067907.382718
332074.126710 4067907.646640
332073.609560 4067907.910469
332073.092361 4067908.174199
332072.575120 4067908.437803
332072.057793 4067908.701337
332071.540415 4067908.964873
332071.022947 4067909.228214
332070.505356 4067909.491266
332069.987636 4067909.754322
332069.469843 4067910.017467
332068.951959 4067910.280561
332068.433984 4067910.543663
332067.915969 4067910.806815
332067.397905 4067911.069892
332066.879733 4067911.332876
332066.361488 4067911.595903
332065.843188 4067911.858998
332065.324854 4067912.122188
332064.806419 4067912.385518
332064.287833 4067912.648904
332063.769133 4067912.912264
332063.250367 4067913.175632
332062.731516 4067913.439050
332062.212522 4067913.702476
332061.693385 4067913.965903
332061.174032 4067914.229251
332060.654415 4067914.492433
332060.134619 4067914.755533
332059.614682 4067915.018687
332059.094591 4067915.281890
332058.574361 4067915.545050
332058.054009 4067915.808207
332057.533456 4067916.071485
332057.012701 4067916.334884
332056.491773 4067916.598390
332055.970703 4067916.861990
332055.449447 4067917.125625
332054.928031 4067917.389320
332054.406448 4067917.653030
332053.884641 4067917.916766
332053.362588 4067918.180576
332052.840316 4067918.444400
332052.317839 4067918.708285
332051.795083 4067918.972234
332051.272047 4067919.236141
332050.748829 4067919.500057
332050.225427 4067919.764041
332049.701750 4067920.028086
332049.177782 4067920.292136
332048.653632 4067920.556181
332048.129246 4067920.820346
332047.604606 4067921.084618
332047.079746 4067921.348910
332046.554633 4067921.613245
332046.029221 4067921.877577
332045.503530 4067922.141887
332044.977606 4067922.406329
332044.451416 4067922.670937
332043.924832 4067922.935522
332043.397885 4067923.200013
332042.870645 4067923.464500
332042.343087 4067923.729014
332041.815238 4067923.993531
332041.287100 4067924.258008
332040.758655 4067924.522492
332040.229949 4067924.787015
332039.700956 4067925.051632
332039.171643 4067925.316350
332038.641989 4067925.581106
332038.112049 4067925.845897
332037.581850 4067926.110755
332037.051332 4067926.375670
332036.520437 4067926.640658
332035.989198 4067926.905653
332035.457651 4067927.170684
332034.925825 4067927.435797
332034.393776 4067927.700965
332033.861506 4067927.966165
332033.328900 4067928.231487
332032.795934 4067928.496966
332032.262731 4067928.762591
332031.729362 4067929.028354
332031.195763 4067929.294271
332030.661953 4067929.560376
332030.127917 4067929.826695
332029.593623 4067930.093183
332029.059077 4067930.359780
332028.524278 4067930.626543
332027.989237 4067930.893528
332027.454025 4067931.160686
332026.918540 4067931.427969
332026.382776 4067931.695372
332025.846782 4067931.962960
332025.310582 4067932.230779
332024.774172 4067932.498872
332024.237539 4067932.767219
332023.700648 4067933.035769
332023.163544 4067933.304536
332022.626253 4067933.573615
332022.088736 4067933.842993
332021.550931 4067934.112616
332021.012834 4067934.382471
332020.474437 4067934.652501
332019.935854 4067934.922733
332019.397084 4067935.193306
332018.858013 4067935.464175
332018.318602 4067935.735220
332017.778883 4067936.006455
332017.238822 4067936.277853
332016.698433 4067936.549428
332016.157748 4067936.821271
332015.616778 4067937.093391
332015.075460 4067937.365755
332014.533796 4067937.638279
332013.991831 4067937.911020
332013.449595 4067938.183998
332012.907159 4067938.457318
332012.364514 4067938.731083
332011.821569 4067939.005216
332011.278367 4067939.279622
332010.734909 4067939.554331
332010.191191 4067939.829357
332009.647193 4067940.104665
332009.102930 4067940.380310
332008.558392 4067940.656303
332008.013563 4067940.932571
332007.468403 4067941.209143
332006.922927 4067941.486092
332006.377093 4067941.763393
332005.830924 4067942.040955
332005.284463 4067942.318766
332004.737725 4067942.596853
332004.190664 4067942.875281
332003.643268 4067943.154052
332003.095603 4067943.433177
332002.547688 4067943.712672
332001.999415 4067943.992483
332001.450761 4067944.272600
332000.901810 4067944.553030
332000.352613 4067944.833723
331999.803050 4067945.114688
331999.253106 4067945.395933
331998.702776 4067945.677485
331998.152085 4067945.959377
331997.601052 4067946.241584
331997.049690 4067946.524077
331996.497962 4067946.806863
331995.945839 4067947.089919
331995.393352 4067947.373214
331994.840536 4067947.656730
331994.287342 4067947.940524
331993.733721 4067948.224596
331993.179693 4067948.508912
331992.625286 4067948.793400
331992.070503 4067949.078106
331991.515400 4067949.363080
331990.959926 4067949.648294
331990.404040 4067949.933729
331989.847774 4067950.219381
331989.291175 4067950.505158
331988.734178 4067950.791066
331988.176703 4067951.077119
331987.618816 4067951.363331
331987.060614 4067951.649720
331986.502061 4067951.936363
331985.943120 4067952.223229
331985.383762 4067952.510291
331984.824029 4067952.797599
331984.263926 4067953.085181
331983.703497 4067953.372963
331983.142761 4067953.660929
331982.581660 4067953.949110
331982.020140 4067954.237525
331981.458244 4067954.526135
331980.895956 4067954.814919
331980.333302 4067955.103899
331979.770318 4067955.393131
331979.207034 4067955.682641
331978.643463 4067955.972371
331978.079613 4067956.262268
331977.515421 4067956.552393
331976.950852 4067956.842689
331976.385910 4067957.133175
331975.820604 4067957.423847
331975.254911 4067957.714675
331974.688898 4067958.005711
331974.122578 4067958.296986
331973.555935 4067958.588410
331972.988923 4067958.879978
331972.421528 4067959.171762
331971.853798 4067959.463787
331971.285787 4067959.756022
331970.717502 4067960.048493
331970.148920 4067960.341188
331969.579921 4067960.634084
331969.010515 4067960.927182
331968.440811 4067961.220545
331967.870842 4067961.514161
331967.300577 4067961.808023
331966.730063 4067962.102112
331966.159278 4067962.396414
331965.588205 4067962.690976
331965.016830 4067962.985789
331964.445190 4067963.280797
331963.873274 4067963.576093
331963.301061 4067963.871585
331962.728519 4067964.167282
331962.155676 4067964.463290
331961.582550 4067964.759521
331961.009196 4067965.055957
331960.435568 4067965.352696
331959.861623 4067965.649679
331959.287366 4067965.946913
331958.712781 4067966.244438
331958.137854 4067966.542203
331957.562679 4067966.840253
331956.987268 4067967.138658
331956.411590 4067967.437373
331955.835628 4067967.736324
331955.259399 4067968.035489
331954.682870 4067968.334958
331954.106107 4067968.634824
331953.529082 4067968.935054
331952.951746 4067969.235564
331952.374100 4067969.536357
331951.796179 4067969.837394
331951.217959 4067970.138662
331950.639288 4067970.440061
331950.060196 4067970.741603
331949.480823 4067971.043446
331948.901120 4067971.345626
331948.321109 4067971.648097
331947.740792 4067971.950845
331947.160168 4067972.253847
331946.579202 4067972.557061
331945.997904 4067972.860504
331945.416248 4067973.164187
331944.834250 4067973.468067
331944.251927 4067973.772156
331943.669295 4067974.076500
331943.086314 4067974.381095
331942.502980 4067974.685902
331941.919336 4067974.990907
331941.335428 4067975.296074
331940.751225 4067975.601468
331940.166696 4067975.907056
331939.581782 4067976.212784
331938.996530 4067976.518731
331938.410968 4067976.824891
331937.825071 4067977.131210
331937.238786 4067977.437768
331936.652144 4067977.744544
331936.065220 4067978.051519
331935.478007 4067978.358738
331934.890417 4067978.666167
331934.302468 4067978.973760
331933.714199 4067979.281545
331933.125585 4067979.589522
331932.536590 4067979.897627
331931.947329 4067980.205859
331931.357745 4067980.514280
331930.767773 4067980.822883
331930.177474 4067981.131628
331929.586865 4067981.440475
331928.995902 4067981.749454
331928.404591 4067982.058618
331927.812902 4067982.367928
331927.220864 4067982.677361
331926.628442 4067982.986876
331926.035637 4067983.296419
331925.442434 4067983.606020
331924.848863 4067983.915665
331924.254950 4067984.225403
331923.660685 4067984.535249
331923.066063 4067984.845207
331922.471099 4067985.155274
331921.875726 4067985.465382
331921.279958 4067985.775554
331920.683804 4067986.085867
331920.087250 4067986.396313
331919.490308 4067986.706805
331918.893022 4067987.017260
331918.295335 4067987.327699
331917.697248 4067987.638163
331917.098786 4067987.948653
331916.499970 4067988.259154
331915.900780 4067988.569649
331915.301266 4067988.880090
331914.701394 4067989.190484
331914.101120 4067989.500837
331913.500396 4067989.811164
331912.899191 4067990.121514
331912.297526 4067990.431823
331911.695471 4067990.742058
331911.092986 4067991.052257
331910.490060 4067991.362391
331909.886714 4067991.672563
331909.282995 4067991.982756
331908.678874 4067992.292877
331908.074269 4067992.602919
331907.469127 4067992.912891
331906.863550 4067993.222771
331906.257571 4067993.532628
331905.651163 4067993.842508
331905.044345 4067994.152377
331904.437104 4067994.462206
331903.829349 4067994.771942
331903.221084 4067995.081578
331902.612339 4067995.391157
331902.003167 4067995.700658
331901.393548 4067996.010102
331900.783522 4067996.319479
331900.173005 4067996.628696
331899.561964 4067996.937765
331898.950436 4067997.246761
331898.338428 4067997.555700
331897.725903 4067997.864624
331897.112837 4067998.173552
331896.499396 4067998.482600
331895.885635 4067998.791760
331895.271431 4067999.100884
331894.656829 4067999.409922
331894.041806 4067999.718925
331893.426317 4068000.027865
331892.810368 4068000.336774
331892.193977 4068000.645735
331891.577140 4068000.954727
331890.959844 4068001.263623
331890.342080 4068001.572475
331889.723866 4068001.881332
331889.105194 4068002.190153
331888.486064 4068002.498820
331887.866485 4068002.807391
331887.246505 4068003.115963
331886.626088 4068003.424583
331886.005275 4068003.733215
331885.384100 4068004.041923
331884.762525 4068004.350710
331884.140506 4068004.659517
331883.518092 4068004.968467
331882.895314 4068005.277619
331882.272103 4068005.586975
331881.648440 4068005.896573
331881.024439 4068006.206403
331880.400121 4068006.516434
331879.775552 4068006.826695
331879.150715 4068007.137238
331878.525574 4068007.448086
331877.900169 4068007.759245
331877.274516 4068008.070601
331876.648505 4068008.382168
331876.022133 4068008.694062
331875.395463 4068009.006294
331874.768571 4068009.318875
331874.141449 4068009.631847
331873.514075 4068009.945165
331872.886454 4068010.258786
331872.258548 4068010.572778
331871.630341 4068010.887152
331871.001959 4068011.201833
331870.373397 4068011.516873
331869.744576 4068011.832366
331869.115473 4068012.148326
331868.486166 4068012.464742
331867.856668 4068012.781602
331867.227001 4068013.098882
331866.597153 4068013.416589
331865.967068 4068013.734716
331865.336737 4068014.053228
331864.706186 4068014.372145
331864.075435 4068014.691465
331863.444504 4068015.011076
331862.813360 4068015.331062
331862.182099 4068015.651485
331861.550712 4068015.972301
331860.919097 4068016.293578
331860.287242 4068016.615317
331859.655240 4068016.937463
331859.023037 4068017.260057
331858.390553 4068017.583000
331857.757834 4068017.906293
331857.124999 4068018.230033
331856.492075 4068018.554162
331855.859069 4068018.878652
331855.225909 4068019.203514
331854.592533 4068019.528693
331853.958952 4068019.854209
331853.325205 4068020.180109
331852.691243 4068020.506409
331852.057133 4068020.833050
331851.422953 4068021.160033
331850.788676 4068021.487445
331850.154197 4068021.815292
331849.519553 4068022.143492
331848.884760 4068022.471997
331848.249824 4068022.800854
331847.614756 4068023.130078
331846.979470 4068023.459559
331846.343967 4068023.789293
331845.708297 4068024.119318
331845.072410 4068024.449648
331844.436374 4068024.780228
331843.800134 4068025.111070
331843.163588 4068025.442243
331842.526758 4068025.773718
331841.889714 4068026.105425
331841.252441 4068026.437338
331840.614948 4068026.769440
331839.977247 4068027.101698
331839.339362 4068027.434148
331838.701247 4068027.766790
331838.062957 4068028.099602
331837.424430 4068028.432614
331836.785537 4068028.765689
331836.146319 4068029.098863
331835.506865 4068029.432188
331834.867154 4068029.765579
331834.227117 4068030.099077
331833.586780 4068030.432801
331832.946205 4068030.766725
331832.305380 4068031.100808
331831.664318 4068031.434949
331831.023026 4068031.769288
331830.381522 4068032.103929
331829.739763 4068032.438793
331829.097775 4068032.773812
331828.455509 4068033.109049
331827.812908 4068033.444551
331827.170020 4068033.780344
331826.526892 4068034.116354
331825.883482 4068034.452473
331825.239769 4068034.788762
331824.595844 4068035.125220
331823.951785 4068035.461810
331823.307486 4068035.798551
331822.662936 4068036.135413
331822.018060 4068036.472372
331821.372812 4068036.809439
331820.727224 4068037.146595
331820.081355 4068037.483830
331819.435191 4068037.821272
331818.788631 4068038.158932
331818.141684 4068038.496708
331817.494365 4068038.834600
331816.846610 4068039.172595
331816.198418 4068039.510686
331815.549820 4068039.848922
331814.900840 4068040.187299
331814.251533 4068040.525744
331813.601871 4068040.864192
331812.951740 4068041.202720
331812.301176 4068041.541442
331811.650267 4068041.880256
331810.998986 4068042.219055
331810.347268 4068042.557842
331809.695155 4068042.896620
331809.042629 4068043.235404
331808.389579 4068043.574221
331807.736086 4068043.913067
331807.082263 4068044.251899
331806.428105 4068044.590684
331805.773583 4068044.929407
331805.118706 4068045.268173
331804.463476 4068045.607037
331803.807813 4068045.945938
331803.151707 4068046.284785
331802.495283 4068046.623498
331801.838540 4068046.962161
331801.181414 4068047.300803
331800.523861 4068047.639378
331799.865996 4068047.977981
331799.207805 4068048.316698
331798.549213 4068048.655413
331797.890267 4068048.994058
331797.230994 4068049.332634
331796.571319 4068049.671154
331795.911350 4068050.009652
331795.251140 4068050.348084
331794.590702 4068050.686386
331793.930017 4068051.024587
331793.269061 4068051.362726
331792.607877 4068051.700859
331791.946539 4068052.038868
331791.285019 4068052.376746
331790.623319 4068052.714542
331789.961419 4068053.052206
331789.299361 4068053.389653
331788.637208 4068053.726890
331787.975102 4068054.063996
331787.313070 4068054.400914
331786.651125 4068054.737587
331785.989190 4068055.074150
331785.327257 4068055.410623
331784.665411 4068055.746941
331784.003808 4068056.083006
331783.342560 4068056.418787
331782.681653 4068056.754319
331782.020973 4068057.089633
331781.360574 4068057.424711
331780.700612 4068057.759588
331780.041112 4068058.094179
331779.382016 4068058.428423
331778.723316 4068058.762294
331778.065070 4068059.095801
331777.407451 4068059.429045
331776.750402 4068059.762045
331776.093901 4068060.094722
331775.437959 4068060.427076
331774.782706 4068060.759017
331774.128246 4068061.090526
331773.474574 4068061.421588
331772.821623 4068061.752239
331772.169442 4068062.082540
331771.518068 4068062.412445
331770.867544 4068062.741830
331770.217859 4068063.070784
331769.569044 4068063.399332
331768.921085 4068063.727427
331768.274096 4068064.054991
331767.628011 4068064.382116
331766.982854 4068064.708842
331766.338708 4068065.035231
331765.695646 4068065.361170
331765.053604 4068065.686653
331764.412572 4068066.011658
331763.772572 4068066.336281
331763.133665 4068066.660491
331762.495879 4068066.984280
331761.859309 4068067.307570
331761.223948 4068067.630461
331760.589784 4068067.952880
331759.956793 4068068.274859
331759.325130 4068068.596314
331758.694777 4068068.917268
331758.065783 4068069.237631
331757.438125 4068069.557409
331756.811862 4068069.876516
331756.186994 4068070.194946
331755.563557 4068070.512614
331754.941615 4068070.829622
331754.321252 4068071.145931
331753.702422 4068071.461598
331753.085136 4068071.776400
331752.469393 4068072.090377
331751.855274 4068072.403507
331751.242740 4068072.715896
331750.631795 4068073.027409
331750.022463 4068073.338083
331749.414897 4068073.647748
331748.809076 4068073.956399
331748.204939 4068074.263932
331747.602418 4068074.570421
331747.001587 4068074.875726
331746.402471 4068075.179888
331745.805109 4068075.482698
331745.209412 4068075.784122
331744.615431 4068076.084095
331744.023157 4068076.382679
331743.432641 4068076.679616
331742.843814 4068076.974967
331742.256768 4068077.268593
331741.671462 4068077.560516
331741.087977 4068077.850467
331740.506389 4068078.138468
331739.926690 4068078.424382
331739.348743 4068078.708237
331738.772678 4068078.989818
331738.198428 4068079.269122
331737.626013 4068079.545998
331737.055394 4068079.820458
331736.486660 4068080.092266
331735.919741 4068080.361421
331735.354659 4068080.627658
331734.791432 4068080.890916
331734.230153 4068081.150980
331733.670837 4068081.407880
331733.113568 4068081.661454
331732.558355 4068081.911638
331732.005189 4068082.158217
331731.454016 4068082.401204
331730.904870 4068082.640464
331730.357735 4068082.875998
331729.812750 4068083.107470
331729.269840 4068083.334927
331728.728981 4068083.558229
331728.190189 4068083.777355
331727.653400 4068083.992139
331727.118563 4068084.202470
331726.585832 4068084.408144
331726.055213 4068084.609220
331725.526582 4068084.805483
331724.999820 4068084.996910
331724.475010 4068085.183387
331723.952048 4068085.365016
331723.430901 4068085.541619
331722.911527 4068085.713176
331722.394022 4068085.879525
331721.878274 4068086.040702
331721.364313 4068086.196564
331720.852125 4068086.347215
331720.341637 4068086.492530
331719.832687 4068086.632489
331719.325376 4068086.766936
331718.819666 4068086.895957
331718.315552 4068087.019502
331717.812926 4068087.137711
331717.311826 4068087.250388
331716.812174 4068087.357544
331716.314014 4068087.459139
331715.817255 4068087.555251
331715.322014 4068087.645709
331714.828199 4068087.730623
331714.335778 4068087.809858
331713.844673 4068087.883607
331713.355001 4068087.951795
331712.866741 4068088.014489
331712.379916 4068088.071520
331711.894408 4068088.122936
331711.410235 4068088.168688
331710.927260 4068088.208994
331710.445544 4068088.243689
331709.965052 4068088.272805
331709.485854 4068088.296255
331709.007805 4068088.314269
331708.530996 4068088.326764
331708.055304 4068088.333998
331707.580831 4068088.335898
331707.107539 4068088.332473
331706.635506 4068088.323690
331706.164591 4068088.309751
331705.694809 4068088.290514
331705.226123 4068088.266213
331704.758656 4068088.236748
331704.292350 4068088.202330
331703.827280 4068088.162857
331703.363325 4068088.118538
331702.900612 4068088.069198
331702.439005 4068088.015086
331701.978573 4068087.956076
331701.519148 4068087.892297
331701.060865 4068087.823666
331700.603734 4068087.750346
331700.147924 4068087.672178
331699.693260 4068087.589331
331699.239836 4068087.501670
331698.787494 4068087.409400
331698.336459 4068087.312453
331697.886670 4068087.210961
331697.438277 4068087.104774
331696.991230 4068086.994023
331696.545748 4068086.878541
331696.101779 4068086.758483
331695.659530 4068086.633719
331695.218935 4068086.504378
331694.780088 4068086.370324
331694.342929 4068086.231707
331693.907762 4068086.088387
331693.474552 4068085.940580
331693.043561 4068085.788164
331692.614755 4068085.631229
331692.188371 4068085.469650
331691.764411 4068085.303648
331691.343155 4068085.133100
331690.924683 4068084.958204
331690.509175 4068084.778890
331690.096564 4068084.595250
331689.687034 4068084.407130
331689.280593 4068084.214724
331688.877428 4068084.017981
331688.477500 4068083.816964
331688.081047 4068083.611563
331687.688077 4068083.401974
331687.298780 4068083.188105
331686.913129 4068082.970048
331686.531384 4068082.747656
331686.153533 4068082.521202
331685.779733 4068082.290597
331685.409960 4068082.055857
331685.044417 4068081.817020
331684.683078 4068081.574248
331684.326088 4068081.327426
331683.973421 4068081.076674
331683.625326 4068080.821965
331683.281708 4068080.563451
331682.942816 4068080.300993
331682.608602 4068080.034636
331682.279241 4068079.764379
331681.954732 4068079.490354
331681.635317 4068079.212527
331681.320909 4068078.930959
331681.011650 4068078.645566
331680.707458 4068078.356461
331680.408611 4068078.063707
331680.115107 4068077.767342
331679.827097 4068077.467350
331679.544498 4068077.163873
331679.267525 4068076.856857
331678.996038 4068076.546376
331678.730228 4068076.232523
331678.470084 4068075.915490
331678.215799 4068075.595330
331677.967349 4068075.272099
331677.724926 4068074.945842
331677.488396 4068074.616661
331677.257931 4068074.284524
331677.033420 4068073.949506
331676.814972 4068073.611724
331676.602459 4068073.271347
331676.396072 4068072.928534
331676.195735 4068072.583438
331676.001653 4068072.236066
331675.813754 4068071.886550
331675.632132 4068071.535099
331675.456620 4068071.181871
331675.287422 4068070.826890
331675.124407 4068070.470322
331674.967767 4068070.112156
331674.817404 4068069.752476
331674.673421 4068069.391547
331674.535726 4068069.029609
331674.404517 4068068.666755
331674.279636 4068068.303094
331674.161166 4068067.938684
331674.048882 4068067.573593
331673.942884 4068067.207906
331673.843039 4068066.841830
331673.749502 4068066.475443
331673.662073 4068066.108778
331673.580935 4068065.741868
331673.505981 4068065.374965
331673.437427 4068065.008205
331673.375116 4068064.641570
331673.319082 4068064.275189
331673.269102 4068063.909134
331673.225407 4068063.543535
331673.187856 4068063.178546
331673.156673 4068062.814248
331673.131685 4068062.450686
331673.113035 4068062.088028
331673.100560 4068061.726359
331673.094391 4068061.365858
331673.094397 4068061.006643
331673.100710 4068060.648868
331673.113159 4068060.292669
331673.131893 4068059.938224
331673.156756 4068059.585553
331673.187881 4068059.234822
331673.225078 4068058.886108
331673.268471 4068058.539501
331673.317895 4068058.195157
331673.373480 4068057.853281
331673.435064 4068057.513919
331673.502738 4068057.177143
331673.576282 4068056.842990
331673.655705 4068056.511539
331673.740791 4068056.182905
331673.831689 4068055.857269
331673.928255 4068055.534619
331674.030550 4068055.215030
331674.138332 4068054.898551
331674.251704 4068054.585390
331674.370503 4068054.275531
331674.494784 4068053.969051
331674.624290 4068053.665984
331674.759107 4068053.366501
331674.899106 4068053.070585
331675.044350 4068052.778205
331675.194595 4068052.489371
331675.349906 4068052.204301
331675.510096 4068051.922963
331675.675221 4068051.645447
331675.845118 4068051.371832
331676.019822 4068051.102225
331676.199132 4068050.836516
331676.383152 4068050.574788
331676.571678 4068050.317006
331676.764775 4068050.063353
331676.962240 4068049.813785
331677.164074 4068049.568405
331677.370106 4068049.327224
331677.580419 4068049.090411
331677.794801 4068048.857868
331678.013327 4068048.629714
331678.235801 4068048.405914
331678.462215 4068048.186676
331678.692375 4068047.971878
331678.926335 4068047.761636
331679.163980 4068047.556006
331679.405417 4068047.355149
331679.650408 4068047.158893
331679.898932 4068046.967300
331680.150857 4068046.780359
331680.406144 4068046.598263
331680.664586 4068046.420926
331680.926245 4068046.248500
331681.190967 4068046.080889
331681.458785 4068045.918276
331681.729430 4068045.760532
331682.002956 4068045.607757
331682.279249 4068045.459948
331682.558300 4068045.317215
331682.839960 4068045.179403
331683.124203 4068045.046640
331683.410818 4068044.918914
331683.699862 4068044.796327
331683.991170 4068044.678735
331684.284766 4068044.566221
331684.580498 4068044.458629
331684.878348 4068044.356117
331685.178149 4068044.258567
331685.479855 4068044.165987
331685.783347 4068044.078310
331686.088635 4068043.995656
331686.395468 4068043.917918
331686.703931 4068043.845255
331687.013945 4068043.777586
331687.325488 4068043.714913
331687.638429 4068043.657095
331687.952810 4068043.604298
331688.268451 4068043.556307
331688.585301 4068043.513054
331688.903242 4068043.474602
331689.222273 4068043.441129
331689.542242 4068043.412431
331689.863204 4068043.388609
331690.185041 4068043.369443
331690.507733 4068043.354952
331690.831161 4068043.345068
331691.155341 4068043.339898
331691.480082 4068043.339355
331691.805402 4068043.343500
331692.131156 4068043.352221
331692.457328 4068043.365537
331692.783897 4068043.383181
331693.110873 4068043.405153
331693.438087 4068043.431415
331693.765541 4068043.462067
331694.093200 4068043.496874
331694.421092 4068043.535891
331694.749041 4068043.578924
331695.077058 4068043.625926
331695.405089 4068043.676774
331695.733135 4068043.731521
331696.061098 4068043.790033
331696.389039 4068043.852358
331696.716886 4068043.918256
331697.044694 4068043.987682
331697.372418 4068044.060440
331697.700042 4068044.136611
331698.027420 4068044.216105
331698.354643 4068044.298922
331698.681753 4068044.384847
331699.008754 4068044.473948
331699.335602 4068044.566036
331699.662395 4068044.661123
331699.988960 4068044.759087
331700.315285 4068044.859986
331700.641396 4068044.963714
331700.967388 4068045.070272
331701.293255 4068045.179384
331701.619035 4068045.291108
331701.944814 4068045.405364
331702.270591 4068045.522068
331702.596228 4068045.641127
331702.921769 4068045.762628
331703.247270 4068045.886452
331703.572775 4068046.012601
331703.898366 4068046.140923
331704.224076 4068046.271428
331704.549834 4068046.404024
331704.875642 4068046.538646
331705.201512 4068046.675188
331705.527484 4068046.813685
331705.853548 4068046.954051
331706.179736 4068047.096244
331706.506048 4068047.240062
331706.832511 4068047.385564
331707.159180 4068047.532685
331707.485993 4068047.681281
331707.812920 4068047.831187
331708.140029 4068047.982490
331708.467247 4068048.135177
331708.794537 4068048.289148
331709.122033 4068048.444261
331709.449748 4068048.600489
331709.777678 4068048.757752
331710.105789 4068048.916030
331710.434034 4068049.075141
331710.762507 4068049.235112
331711.091219 4068049.395909
331711.420117 4068049.557414
331711.749216 4068049.719508
331712.078486 4068049.882215
331712.407886 4068050.045482
331712.737447 4068050.209176
331713.067258 4068050.373149
331713.397303 4068050.537396
331713.727545 4068050.701872
331714.057962 4068050.866581
331714.388563 4068051.031421
331714.719340 4068051.196369
331715.050271 4068051.361381
331715.381292 4068051.526359
331715.712365 4068051.691227
331716.043567 4068051.855918
331716.374924 4068052.020448
331716.706354 4068052.184709
331717.037851 4068052.348624
331717.369375 4068052.512127
331717.700909 4068052.675172
331718.032473 4068052.837784
331718.364014 4068052.999964
331718.695494 4068053.161419
331719.026925 4068053.322050
331719.358302 4068053.481822
331719.689620 4068053.640677
331720.020851 4068053.798613
331720.352052 4068053.955562
331720.683189 4068054.111362
331721.014165 4068054.266043
331721.345040 4068054.419443
331721.675784 4068054.571493
331722.006430 4068054.722042
331722.337096 4068054.871020
331722.667673 4068055.018433
331722.998071 4068055.164265
331723.328342 4068055.308282
331723.658534 4068055.450436
331723.988563 4068055.590687
331724.318409 4068055.729033
331724.648138 4068055.865404
331724.977684 4068055.999700
331725.307009 4068056.131778
331725.636237 4068056.261646
331725.965365 4068056.389160
331726.294344 4068056.514306
331726.623163 4068056.637053
331726.951873 4068056.757395
331727.280434 4068056.875264
331727.608802 4068056.990709
331727.937051 4068057.103551
331728.265181 4068057.213610
331728.593089 4068057.320853
331728.920767 4068057.425412
331729.248195 4068057.527232
331729.575343 4068057.626270
331729.902347 4068057.722411
331730.229231 4068057.815686
331730.555939 4068057.905964
331730.882485 4068057.993222
331731.208847 4068058.077516
331731.535088 4068058.158983
331731.861084 4068058.237486
331732.186697 4068058.313062
331732.512041 4068058.385572
331732.837204 4068058.455049
331733.162111 4068058.521388
331733.486751 4068058.584538
331733.811016 4068058.644440
331734.134851 4068058.701133
331734.458308 4068058.754505
331734.781396 4068058.804711
331735.104087 4068058.851628
331735.426443 4068058.895200
331735.748458 4068058.935299
331736.070072 4068058.971934
331736.391279 4068059.005107
331736.712068 4068059.034933
331737.032375 4068059.061287
331737.352209 4068059.084219
331737.671582 4068059.103696
331737.990461 4068059.119738
331738.308928 4068059.132178
331738.626941 4068059.141058
331738.944373 4068059.146336
331739.261189 4068059.148118
331739.577391 4068059.146300
331739.892996 4068059.140890
331740.208053 4068059.131908
331740.522503 4068059.119501
331740.836356 4068059.103549
331741.149589 4068059.084032
331741.462204 4068059.060923
331741.774181 4068059.034292
331742.085584 4068059.004062
331742.396477 4068058.970342
331742.706791 4068058.933152
331743.016437 4068058.892521
331743.325477 4068058.848386
331743.633928 4068058.800921
331743.941807 4068058.750126
331744.249133 4068058.696103
331744.555957 4068058.638806
331744.862232 4068058.578311
331745.168033 4068058.514611
331745.473364 4068058.447815
331745.778250 4068058.377823
331746.082725 4068058.304694
331746.386836 4068058.228423
331746.690599 4068058.149114
331746.994073 4068058.066741
331747.297241 4068057.981438
331747.600213 4068057.893141
331747.903049 4068057.802011
331748.205793 4068057.708058
331748.508462 4068057.611403
331748.811118 4068057.512030
331749.113738 4068057.410029
331749.416319 4068057.305415
331749.718897 4068057.198292
331750.021628 4068057.088569
331750.324571 4068056.976417
331750.627834 4068056.861828
331750.931435 4068056.744904
331751.235331 4068056.625645
331751.539578 4068056.504201
331751.844324 4068056.380530
331752.149604 4068056.254727
331752.455436 4068056.126774
331752.761845 4068055.996769
331753.068908 4068055.864657
331753.376626 4068055.730573
331753.685143 4068055.594572
331753.994466 4068055.456774
331754.304539 4068055.317131
331754.615441 4068055.175815
331754.927273 4068055.032790
331755.240005 4068054.888160
331755.553642 4068054.741890
331755.868225 4068054.594011
331756.183848 4068054.444439
331756.500518 4068054.293371
331756.818298 4068054.140952
331757.137246 4068053.987305
331757.457417 4068053.832275
331757.778769 4068053.675911
331758.101386 4068053.518237
331758.425329 4068053.359423
331758.750640 4068053.199421
331759.077292 4068053.038331
331759.405330 4068052.876155
331759.734765 4068052.712969
331760.065581 4068052.548629
331760.397813 4068052.383212
331760.731637 4068052.216661
331761.067041 4068052.049089
331761.403993 4068051.880433
331761.742474 4068051.710763
331762.082534 4068051.540111
331762.424206 4068051.368544
331762.767572 4068051.196019
331763.112590 4068051.022665
331763.459293 4068050.848307
331763.807685 4068050.672979
331764.157729 4068050.496717
331764.509386 4068050.319599
331764.862737 4068050.141605
331765.217775 4068049.962796
331765.574536 4068049.783054
331765.932954 4068049.602390
331766.293039 4068049.420750
331766.654766 4068049.238260
331767.018184 4068049.054901
331767.383286 4068048.870662
331767.750141 4068048.685507
331768.118727 4068048.499483
331768.489099 4068048.312494
331768.861205 4068048.124630
331769.235047 4068047.935891
331769.610598 4068047.746302
331769.987943 4068047.555735
331770.367080 4068047.364159
331770.748065 4068047.171619
331771.130914 4068046.978173
331771.515672 4068046.783794
331771.902299 4068046.588516
331772.290755 4068046.392277
331772.680991 4068046.195038
331773.073114 4068045.996841
331773.467120 4068045.797822
331773.863020 4068045.597868
331774.260777 4068045.396978
331774.660391 4068045.195113
331775.061774 4068044.992266
331775.465002 4068044.788435
331775.870103 4068044.583585
331776.277107 4068044.377701
331776.685974 4068044.170837
331777.096697 4068043.963029
331777.509243 4068043.754353
331777.923618 4068043.544811
331778.339746 4068043.334418
331778.757675 4068043.123151
331779.177322 4068042.911068
331779.598667 4068042.698107
331780.021661 4068042.484300
331780.446319 4068042.269624
331780.872621 4068042.054177
331781.300629 4068041.837968
331781.730217 4068041.620985
331782.161391 4068041.403240
331782.594139 4068041.184808
331783.028442 4068040.965621
331783.464207 4068040.745683
331783.901465 4068040.524999
331784.340200 4068040.303619
331784.780385 4068040.081500
331785.221931 4068039.858674
331785.664838 4068039.635153
331786.109118 4068039.410923
331786.554766 4068039.186002
331787.001585 4068038.960421
331787.449609 4068038.734157
331787.898819 4068038.507154
331788.349253 4068038.279422
331788.800819 4068038.051122
331789.253469 4068037.822189
331789.707179 4068037.592625
331790.162010 4068037.362429
331790.617875 4068037.131585
331791.074758 4068036.900181
331791.532643 4068036.668298
331791.991546 4068036.435844
331792.451347 4068036.202838
331792.912011 4068035.969269
331793.373474 4068035.735168
331793.835802 4068035.500589
331794.298900 4068035.265586
331794.762738 4068035.030089
331795.227266 4068034.794140
331795.692538 4068034.557722
331796.158458 4068034.320821
331796.625049 4068034.083454
331797.092294 4068033.845597
331797.560173 4068033.607264
331798.028630 4068033.368561
331798.497707 4068033.129447
331798.967383 4068032.889964
331799.437697 4068032.650108
331799.908528 4068032.409906
331800.379865 4068032.169362
331800.851643 4068031.928460
331801.323926 4068031.687139
331801.796680 4068031.445479
331802.269921 4068031.203484
331802.743589 4068030.961117
331803.217739 4068030.718350
331803.692370 4068030.475257
331804.167502 4068030.231822
331804.643115 4068029.988070
331805.119288 4068029.744023
331805.595907 4068029.499653
331806.073022 4068029.254866
331806.550672 4068029.009682
331807.028880 4068028.764142
331807.507580 4068028.518316
331807.986811 4068028.272185
331808.466606 4068028.025770
331808.947033 4068027.778994
331809.428006 4068027.531830
331809.909570 4068027.284266
331810.391687 4068027.036303
331810.874376 4068026.787982
331811.357652 4068026.539346
331811.841508 4068026.290357
331812.325915 4068026.041039
331812.810921 4068025.791372
331813.296492 4068025.541369
331813.782678 4068025.291086
331814.269471 4068025.040461
331814.756876 4068024.789390
331815.244887 4068024.537915
331815.733533 4068024.286050
331816.222773 4068024.033776
331816.712687 4068023.781120
331817.203277 4068023.528122
331817.694504 4068023.274849
331818.186368 4068023.021309
331818.678887 4068022.767484
331819.172011 4068022.513434
331819.665749 4068022.259117
331820.160117 4068022.004549
331820.655160 4068021.749746
331821.150818 4068021.494703
331821.647155 4068021.239397
331822.144095 4068020.983908
331822.641670 4068020.728224
331823.139960 4068020.472302
331823.638951 4068020.216065
331824.138611 4068019.959520
331824.639036 4068019.702696
331825.140317 4068019.445643
331825.642426 4068019.188301
331826.145268 4068018.930704
331826.648897 4068018.672856
331827.153270 4068018.414770
331827.658365 4068018.156402
331828.164174 4068017.897729
331828.670742 4068017.638724
331829.178074 4068017.379395
331829.686101 4068017.119765
331830.194783 4068016.859864
331830.704265 4068016.599679
331831.214586 4068016.339203
331831.725718 4068016.078522
331832.237559 4068015.817612
331832.750162 4068015.556340
331833.263560 4068015.294648
331833.777724 4068015.032554
331834.292609 4068014.770222
331834.808254 4068014.507680
331835.324681 4068014.244881
331835.841849 4068013.981772
331836.359689 4068013.718383
331836.878268 4068013.454707
331837.397606 4068013.190786
331837.917712 4068012.926595
331838.438545 4068012.662074
331838.960154 4068012.397188
331839.482537 4068012.132011
331840.005694 4068011.866503
331840.529568 4068011.600663
331841.054220 4068011.334512
331841.579620 4068011.067972
331842.105753 4068010.801095
331842.632635 4068010.533944
331843.160276 4068010.266437
331843.688666 4068009.998596
331844.217773 4068009.730387
331844.747656 4068009.461761
331845.278380 4068009.192700
331845.809892 4068008.923217
331846.342212 4068008.653344
331846.875347 4068008.383053
331847.409290 4068008.112276
331847.943979 4068007.841077
331848.479439 4068007.569503
331849.015670 4068007.297522
331849.552633 4068007.025071
331850.090346 4068006.752132
331850.628777 4068006.478688
331851.167893 4068006.204722
331851.707770 4068005.930285
331852.248426 4068005.655433
331852.789782 4068005.380159
331853.331815 4068005.104372
331853.874547 4068004.828024
331854.417896 4068004.551216
331854.961788 4068004.273932
331855.506243 4068003.996163
331856.051304 4068003.717941
331856.596926 4068003.439248
331857.143120 4068003.160102
331857.689931 4068002.880496
331858.237304 4068002.600414
331858.785235 4068002.319889
331859.333699 4068002.038912
331859.882605 4068001.757508
331860.431946 4068001.475678
331860.981732 4068001.193422
331861.531929 4068000.910830
331862.082490 4068000.627855
331862.633375 4068000.344486
331863.184487 4068000.060778
331863.735827 4067999.776780
331864.287403 4067999.492513
331864.839180 4067999.207975
331865.391164 4067998.923186
331865.943308 4067998.638182
331866.495576 4067998.352985
331867.047974 4067998.067581
331867.600472 4067997.781986
331868.153006 4067997.496220
331868.705515 4067997.210258
331869.258012 4067996.924150
331869.810425 4067996.637943
331870.362807 4067996.351594
331870.915224 4067996.065156
331871.467561 4067995.778703
331872.019769 4067995.492192
331872.571836 4067995.205655
331873.123720 4067994.919118
331873.675289 4067994.632575
331874.226486 4067994.346091
331874.777359 4067994.059655
331875.327873 4067993.773304
331875.878041 4067993.487042
331876.427824 4067993.200830
331876.977197 4067992.914714
331877.526185 4067992.628737
331878.074745 4067992.342911
331878.622834 4067992.057244
331879.170448 4067991.771730
331879.717569 4067991.486456
331880.264121 4067991.201441
331880.810037 4067990.916631
331881.355390 4067990.632088
331881.900218 4067990.347863
331882.444463 4067990.064045
331882.988098 4067989.780578
331883.531139 4067989.497328
331884.073537 4067989.214420
331884.615249 4067988.931913
331885.156262 4067988.649781
331885.696617 4067988.368007
331886.236326 4067988.086543
331886.775346 4067987.805361
331887.313704 4067987.524503
331887.851418 4067987.244040
331888.388449 4067986.963948
331888.924785 4067986.684166
331889.460454 4067986.404704
331889.995498 4067986.125563
331890.529916 4067985.846743
331891.063737 4067985.568333
331891.597006 4067985.290374
331892.129698 4067985.012820
331892.661810 4067984.735651
331893.193346 4067984.458841
331893.724299 4067984.182442
331894.254591 4067983.906499
331894.784248 4067983.630911
331895.313302 4067983.355677
331895.841741 4067983.080798
331896.369544 4067982.806321
331896.896754 4067982.532271
331897.423418 4067982.258587
331897.949563 4067981.985233
331898.475178 4067981.712252
331899.000258 4067981.439710
331899.524767 4067981.167631
331900.048779 4067980.895971
331900.572295 4067980.624760
331901.095307 4067980.354010
331901.617774 4067980.083676
331902.139792 4067979.813753
331902.661341 4067979.544350
331903.182339 4067979.275486
331903.702846 4067979.007073
331904.222922 4067978.739059
331904.742513 4067978.471457
331905.261665 4067978.204217
331905.780386 4067977.937370
331906.298680 4067977.670957
331906.816462 4067977.404999
331907.333743 4067977.139480
331907.850475 4067976.874381
331908.366735 4067976.609737
331908.882559 4067976.345526
331909.397891 4067976.081643
331909.912676 4067975.818099
331910.426938 4067975.554904
331910.940672 4067975.292130
331911.453921 4067975.029776
331911.966734 4067974.767811
331912.479178 4067974.506241
331912.991200 4067974.245068
331913.502726 4067973.984233
331914.013708 4067973.723743
331914.524217 4067973.463590
331915.034234 4067973.203780
331915.543717 4067972.944320
331916.052649 4067972.685214
331916.561035 4067972.426414
331917.068891 4067972.167977
331917.576313 4067971.909822
331918.083325 4067971.651947
331918.589918 4067971.394440
331919.095984 4067971.137271
331919.601525 4067970.880429
331920.106537 4067970.623988
331920.611076 4067970.367890
331921.115129 4067970.112151
331921.618688 4067969.856802
331922.121750 4067969.601808
331922.624317 4067969.347114
331923.126377 4067969.092710
331923.627975 4067968.838559
331924.129108 4067968.584735
331924.629760 4067968.331279
331925.129867 4067968.078183
331925.629501 4067967.825460
331926.128655 4067967.573129
331926.627361 4067967.321127
331927.125591 4067967.069389
331927.623357 4067966.817898
331928.120680 4067966.566727
331928.617564 4067966.315849
331929.113936 4067966.065243
331929.609838 4067965.814931
331930.105249 4067965.565014
331930.600163 4067965.315430
331931.094593 4067965.066080
331931.588545 4067964.816954
331932.081999 4067964.568099
331932.574964 4067964.319513
331933.067406 4067964.071272
331933.559356 4067963.823394
331934.050757 4067963.575857
331934.541641 4067963.328694
331935.032019 4067963.081951
331935.521943 4067962.835544
331936.011359 4067962.589484
331936.500256 4067962.343725
331936.988615 4067962.098291
331937.476476 4067961.853181
331937.963777 4067961.608378
331938.450563 4067961.363911
331938.936812 4067961.119814
331939.422563 4067960.876054
331939.907799 4067960.632591
331940.392479 4067960.389394
331940.876556 4067960.146584
331941.360095 4067959.904130
331941.843090 4067959.662059
331942.325548 4067959.420430
331942.807407 4067959.179240
331943.288712 4067958.938435
331943.769413 4067958.698071
331944.249493 4067958.458161
331944.728945 4067958.218654
331945.207741 4067957.979559
331945.685795 4067957.740927
331946.163137 4067957.502774
331946.639758 4067957.265096
331947.115699 4067957.027823
331947.590833 4067956.790963
331948.065115 4067956.554571
331948.538602 4067956.318630
331949.011352 4067956.083091
331949.483293 4067955.848004
331949.954453 4067955.613343
331950.424764 4067955.379171
331950.894211 4067955.145528
331951.362776 4067954.912383
331951.830452 4067954.679727
331952.297211 4067954.447578
331952.763100 4067954.215937
331953.228011 4067953.984756
331953.691953 4067953.753951
331954.154956 4067953.523622
331954.617001 4067953.293840
331955.078048 4067953.064589
331955.538125 4067952.835797
331955.997175 4067952.607467
331956.455201 4067952.379646
331956.912123 4067952.152317
331957.367930 4067951.925436
331957.822682 4067951.699054
331958.276415 4067951.473196
331958.729043 4067951.247860
331959.180569 4067951.022911
331959.631021 4067950.798340
331960.080422 4067950.574197
331960.528760 4067950.350524
331960.976024 4067950.127405
331961.422115 4067949.904919
331961.867051 4067949.682969
331962.310845 4067949.461470
331962.753478 4067949.240360
331963.194953 4067949.019638
331963.635334 4067948.799274
331964.074564 4067948.579333
331964.512616 4067948.359862
331964.949504 4067948.140830
331965.385269 4067947.922225
331965.819923 4067947.704096
331966.253425 4067947.486384
331966.685752 4067947.269125
331967.116973 4067947.052343
331967.547126 4067946.835995
331967.976189 4067946.620049
331968.404111 4067946.404482
331968.830891 4067946.189315
331969.256516 4067945.974597
331969.681066 4067945.760309
331970.104545 4067945.546456
331970.526917 4067945.333007
331970.948211 4067945.119983
331971.368482 4067944.907430
331971.787716 4067944.695307
331972.205881 4067944.483533
331972.623023 4067944.272168
331973.039219 4067944.061219
331973.454507 4067943.850685
331973.868934 4067943.640542
331974.282541 4067943.430784
331974.695319 4067943.221406
331975.107291 4067943.012383
331975.518527 4067942.803736
331975.929045 4067942.595407
331976.338923 4067942.387313
331976.748159 4067942.179528
331977.156755 4067941.972060
331977.564773 4067941.764954
331977.972280 4067941.558203
331978.379285 4067941.351811
331978.785776 4067941.145763
331979.191751 4067940.940024
331979.597336 4067940.734623
331980.002525 4067940.529581
331980.407301 4067940.324863
331980.811749 4067940.120486
331981.216025 4067939.916393
331981.620097 4067939.712623
331982.023925 4067939.509195
331982.427540 4067939.306053
331982.830991 4067939.103186
331983.234267 4067938.900644
331983.637381 4067938.698450
331984.040381 4067938.496590
331984.443342 4067938.295053
331984.846327 4067938.093819
331985.249355 4067937.892893
331985.652435 4067937.692243
331986.055604 4067937.491816
331986.458858 4067937.291674
331986.862238 4067937.091791
331987.265818 4067936.892105
331987.669650 4067936.692666
331988.073713 4067936.493501
331988.478063 4067936.294521
331988.882695 4067936.095749
331989.287586 4067935.897180
331989.692773 4067935.698769
331990.098324 4067935.500603
331990.504270 4067935.302661
331990.910612 4067935.104887
331991.317328 4067934.907255
331991.724501 4067934.709758
331992.132128 4067934.512456
331992.540224 4067934.315320
331992.948821 4067934.118263
331993.357975 4067933.921321
331993.767663 4067933.724539
331994.177860 4067933.527855
331994.588567 4067933.331197
331994.999824 4067933.134650
331995.411641 4067932.938213
331995.823980 4067932.741794
331996.236820 4067932.545335
331996.650241 4067932.348883
331997.064233 4067932.152543
331997.478756 4067931.956304
331997.893789 4067931.760087
331998.309385 4067931.563885
331998.725555 4067931.367568
331999.142226 4067931.171094
331999.559382 4067930.974524
331999.977081 4067930.777811
332000.395342 4067930.580987
332000.814115 4067930.384120
332001.233340 4067930.187205
332001.653022 4067929.990208
332002.073187 4067929.793051
332002.493808 4067929.595771
332002.914850 4067929.398333
332003.336347 4067929.200640
332003.758344 4067929.002727
332004.180805 4067928.804656
332004.603670 4067928.606373
332005.026882 4067928.407831
332005.450485 4067928.209027
332005.874505 4067928.009963
332006.298961 4067927.810578
332006.723806 4067927.610838
332007.148981 4067927.410727
332007.574486 4067927.210287
332008.000380 4067927.009510
332008.426695 4067926.808402
332008.853398 4067926.606874
332009.280440 4067926.404845
332009.707881 4067926.202357
332010.135683 4067925.999426
332010.563805 4067925.796017
332010.992226 4067925.592180
332011.420934 4067925.387904
332011.849918 4067925.183073
332012.279233 4067924.977666
332012.708918 4067924.771776
332013.138950 4067924.565336
332013.569265 4067924.358309
332013.999827 4067924.150734
332014.430657 4067923.942580
332014.861791 4067923.733810
332015.293199 4067923.524422
332015.724861 4067923.314397
332016.156794 4067923.103769
332016.589058 4067922.892525
332017.021626 4067922.680598
332017.454416 4067922.467931
332017.887440 4067922.254568
332018.320749 4067922.040515
332018.754322 4067921.825782
332019.188036 4067921.610406
332019.621914 4067921.394327
332020.056014 4067921.177519
332020.490301 4067920.960065
332020.924756 4067920.741952
332021.359379 4067920.523096
332021.794185 4067920.303467
332022.229194 4067920.083164
332022.664356 4067919.862178
332023.099592 4067919.640442
332023.534915 4067919.417935
332023.970329 4067919.194742
332024.405828 4067918.970891
332024.841349 4067918.746368
332025.276884 4067918.521193
332025.712453 4067918.295307
332026.148036 4067918.068652
332026.583528 4067917.841266
332027.018903 4067917.613234
332027.454161 4067917.384551
332027.889357 4067917.155235
332028.324412 4067916.925219
332028.759302 4067916.694426
332029.193997 4067916.462884
332029.628541 4067916.230653
332030.062955 4067915.997994
332030.497190 4067915.764896
332030.931188 4067915.531212
332031.364968 4067915.296983
332031.798546 4067915.062326
332032.231898 4067914.827197
332032.664948 4067914.591647
332033.097757 4067914.355734
332033.530344 4067914.119452
332033.962703 4067913.882704
332034.394762 4067913.645403
332034.826602 4067913.407643
332035.258218 4067913.169564
332035.689563 4067912.931104
332036.120583 4067912.692140
332036.551356 4067912.452694
332036.982003 4067912.213001
332037.412496 4067911.973053
332037.842718 4067911.732783
332038.272781 4067911.492213
332038.702688 4067911.251195
332039.132417 4067911.009792
332039.561990 4067910.768179
332039.991490 4067910.526292
332040.420876 4067910.284156
332040.850180 4067910.041803
332041.279469 4067909.799317
332041.708801 4067909.556645
332042.138250 4067909.313886
332042.567801 4067909.071111
332042.997316 4067908.828109
332043.426871 4067908.584825
332043.856530 4067908.341415
332044.286382 4067908.097913
332044.716441 4067907.854318
332045.146719 4067907.610624
332045.577297 4067907.366898
332046.008255 4067907.123162
332046.439584 4067906.879441
332046.871311 4067906.635672
332047.303408 4067906.391845
332047.735874 4067906.147935
332048.168741 4067905.903982
332048.602081 4067905.660040
332049.035926 4067905.416095
332049.470349 4067905.172119
332049.905375 4067904.928141
332050.341060 4067904.684085
332050.777429 4067904.440088
332051.214524 4067904.196232
332051.652360 4067903.952368
332052.090928 4067903.708392
332052.530180 4067903.464400
332052.970214 4067903.220394
332053.411056 4067902.976346
332053.852711 4067902.732270
332054.295187 4067902.488214
332054.738538 4067902.244155
332055.182860 4067902.000015
332055.628147 4067901.755742
332056.074405 4067901.511544
332056.521677 4067901.267454
332056.969927 4067901.023443
332057.419154 4067900.779433
332057.869379 4067900.535229
332058.320632 4067900.290802
332058.772867 4067900.046280
332059.226054 4067899.801703
332059.680242 4067899.557017
332060.135456 4067899.312126
332060.591644 4067899.067032
332061.048796 4067898.821807
332061.506900 4067898.576523
332061.965918 4067898.331059
332062.425873 4067898.085381
332062.886818 4067897.839533
332063.348705 4067897.593498
332063.811510 4067897.347170
332064.275238 4067897.100567
332064.739926 4067896.853678
332065.205538 4067896.606467
332065.672028 4067896.358989
332066.139364 4067896.111338
332066.607629 4067895.863463
332067.076775 4067895.615242
332067.546785 4067895.366689
332068.017641 4067895.117905
332068.489409 4067894.868972
332068.962088 4067894.619828
332069.435700 4067894.370472
332069.910152 4067894.120876
332070.385427 4067893.870792
332070.861488 4067893.620282
332071.338392 4067893.369491
332071.816173 4067893.118387
332072.294808 4067892.866866
332072.774201 4067892.614952
332073.254429 4067892.362587
332073.735438 4067892.109786
332074.217219 4067891.856557
332074.699758 4067891.602852
332075.183133 4067891.348770
332075.667406 4067891.094288
332076.152596 4067890.839292
332076.638621 4067890.583805
332077.125558 4067890.327970
332077.613425 4067890.071812
332078.102114 4067889.815108
332078.591536 4067889.557778
332079.081821 4067889.299897
332079.572971 4067889.041538
332080.065013 4067888.782884
332080.558004 4067888.523876
332081.051935 4067888.264394
332081.546718 4067888.004500
332082.042426 4067887.744198
332082.539039 4067887.483410
332083.036522 4067887.222089
332083.534887 4067886.960247
332084.034075 4067886.697797
332084.534051 4067886.434798
332085.034968 4067886.171496
332085.536836 4067885.907960
332086.039614 4067885.644072
332086.543361 4067885.379775
332087.048080 4067885.115104
332087.553698 4067884.850038
332088.060144 4067884.584548
332088.567353 4067884.318614
332089.075346 4067884.052253
332089.584152 4067883.785433
332090.093812 4067883.518209
332090.604289 4067883.250771
332091.115561 4067882.983101
332091.627575 4067882.715025
332092.140312 4067882.446610
332092.653820 4067882.177998
332093.168075 4067881.909199
332093.683028 4067881.640241
332094.198652 4067881.371003
332094.714879 4067881.101412
332095.231696 4067880.831654
332095.749176 4067880.561780
332096.267354 4067880.291724
332096.786110 4067880.021487
332097.305427 4067879.751126
332097.825347 4067879.480718
332098.345861 4067879.210242
332098.866856 4067878.939789
332099.388238 4067878.669461
332099.910081 4067878.399196
332100.432352 4067878.128802
332100.955016 4067877.858351
332101.478082 4067877.587862
332102.001459 4067877.317270
332102.525101 4067877.046787
332103.048937 4067876.776495
332103.572997 4067876.506284
332104.097334 4067876.236093
332104.621865 4067875.965998
332105.146464 4067875.696093
332105.671154 4067875.426389
332106.195945 4067875.156867
332106.720815 4067874.887470
332107.245711 4067874.618180
332107.770567 4067874.349032
332108.295366 4067874.080110
332108.820110 4067873.811438
332109.344753 4067873.542987
332109.869237 4067873.274739
332110.393564 4067873.006631
332110.917713 4067872.738703
332111.441561 4067872.470996
332111.965087 4067872.203417
332112.488269 4067871.936091
332113.011106 4067871.669126
332113.533622 4067871.402411
332114.055784 4067871.135849
332114.577540 4067870.869516
332115.098846 4067870.603477
332115.619673 4067870.337620
332116.140070 4067870.072001
332116.660062 4067869.806634
332117.179641 4067869.541454
332117.698714 4067869.276469
332118.217211 4067869.011721
332118.735110 4067868.747270
332119.252469 4067868.483089
332119.769281 4067868.219145
332120.285576 4067867.955408
332120.801381 4067867.691845
332121.316688 4067867.428494
332121.831475 4067867.165327
332122.345657 4067866.902381
332122.859248 4067866.639766
332123.372300 4067866.377450
332123.884830 4067866.115378
332124.396798 4067865.853536
332124.908143 4067865.591957
332125.418928 4067865.330712
332125.929202 4067865.069739
332126.438950 4067864.808969
332126.948172 4067864.548463
332127.456790 4067864.288297
332127.964821 4067864.028476
332128.472331 4067863.768943
332128.979322 4067863.509690
332129.485803 4067863.250804
332129.991790 4067862.992216
332130.497252 4067862.733933
332131.002179 4067862.475915
332131.506582 4067862.218112
332132.010476 4067861.960586
332132.513842 4067861.703286
332133.016730 4067861.446194
332133.519052 4067861.189373
332134.020863 4067860.932804
332134.522196 4067860.676529
332135.023001 4067860.420565
332135.523315 4067860.164953
332136.023201 4067859.909618
332136.522599 4067859.654631
332137.021491 4067859.400024
332137.519884 4067859.145633
332138.017825 4067858.891409
332138.515335 4067858.637558
332139.012453 4067858.384143
332139.509085 4067858.131059
332140.005268 4067857.878278
332140.501000 4067857.625796
332140.996269 4067857.373621
332141.491100 4067857.121841
332141.985451 4067856.870324
332142.479204 4067856.619075
332142.972485 4067856.368186
332143.465362 4067856.117693
332143.957802 4067855.867642
332144.449716 4067855.617985
332144.941097 4067855.368706
332145.432015 4067855.119730
332145.922488 4067854.871011
332146.412380 4067854.622639
332146.901681 4067854.374590
332147.390353 4067854.126800
332147.878388 4067853.879282
332148.365817 4067853.632112
332148.852656 4067853.385302
332149.338920 4067853.138797
332149.824625 4067852.892543
332150.309663 4067852.646621
332150.794021 4067852.401022
332151.277770 4067852.155674
332151.760970 4067851.910633
332152.243561 4067851.665925
332152.725468 4067851.421475
332153.206700 4067851.177317
332153.687281 4067850.933472
332154.167176 4067850.689864
332154.646404 4067850.446490
332155.124966 4067850.203382
332155.602888 4067849.960523
332156.080116 4067849.717987
332156.556678 4067849.475716
332157.032649 4067849.233694
332157.507963 4067848.991948
332157.982619 4067848.750347
332158.456671 4067848.508930
332158.930068 4067848.267802
332159.402821 4067848.026845
332159.874951 4067847.785982
332160.346463 4067847.545239
332160.817356 4067847.304733
332161.287693 4067847.064468
332161.757421 4067846.824449
332162.226509 4067846.584639
332162.695036 4067846.345040
332163.162999 4067846.105723
332163.630416 4067845.866625
332164.097363 4067845.627668
332164.563846 4067845.388883
332165.029850 4067845.150231
332165.495355 4067844.911748
332165.960462 4067844.673536
332166.425192 4067844.435625
332166.889464 4067844.197970
332167.353268 4067843.960465
332167.816665 4067843.723066
332168.279645 4067843.485827
332168.742217 4067843.248755
332169.204454 4067843.011808
332169.666323 4067842.774889
332170.127804 4067842.538071
332170.589025 4067842.301366
332171.050002 4067842.064712
332171.510723 4067841.828248
332171.971184 4067841.591946
332172.431442 4067841.355654
332172.891512 4067841.119363
332173.351412 4067840.883108
332173.811152 4067840.646951
332174.270748 4067840.410962
332174.730238 4067840.175176
332175.189656 4067839.939382
332175.649021 4067839.703524
332176.108298 4067839.467757
332176.567473 4067839.232072
332177.026621 4067838.996460
332177.485703 4067838.760922
332177.944755 4067838.525385
332178.403845 4067838.289823
332178.862985 4067838.054262
332179.322138 4067837.818773
332179.781316 4067837.583388
332180.240558 4067837.348077
332180.699901 4067837.112753
332181.159323 4067836.877455
332181.618778 4067836.642168
332182.078259 4067836.406840
332182.537873 4067836.171504
332182.997590 4067835.936175
332183.457432 4067835.700952
332183.917415 4067835.465804
332184.377490 4067835.230663
332184.837722 4067834.995666
332185.298129 4067834.760797
332185.758586 4067834.525978
332186.219163 4067834.291266
332186.679885 4067834.056611
332187.140698 4067833.821971
332187.601606 4067833.587347
332188.062710 4067833.352760
332188.523992 4067833.118232
332188.985327 4067832.883744
332189.446729 4067832.649312
332189.908245 4067832.414886
332190.369881 4067832.180440
332190.831634 4067831.945977
332191.293494 4067831.711473
332191.755464 4067831.476915
332192.217537 4067831.242342
332192.679730 4067831.007771
332193.142054 4067830.773207
332193.604550 4067830.538599
332194.067154 4067830.303876
332194.529871 4067830.069103
332194.992767 4067829.834336
332195.455837 4067829.599625
332195.919063 4067829.364930
332196.382432 4067829.130218
332196.845926 4067828.895459
332197.309535 4067828.660573
332197.773233 4067828.425554
332198.237004 4067828.190595
332198.700819 4067827.955724
332199.164714 4067827.720714
332199.628761 4067827.485532
332200.092931 4067827.250241
332200.557184 4067827.014765
332201.021542 4067826.779163
332201.486001 4067826.543524
332201.950540 4067826.307792
332202.415165 4067826.071914
332202.879872 4067825.835886
332203.344608 4067825.599685
332203.809351 4067825.363303
332204.274140 4067825.126763
332204.738979 4067824.890045
332205.203894 4067824.653062
332205.668913 4067824.415907
332206.133977 4067824.178622
332206.599023 4067823.941107
332207.064092 4067823.703392
332207.529160 4067823.465415
332207.994145 4067823.227068
332208.459055 4067822.988405
332208.923993 4067822.749456
332209.388976 4067822.510227
332209.853970 4067822.270740
332210.318945 4067822.030914
332210.783917 4067821.790736
332211.248940 4067821.550323
332211.714084 4067821.309759
332212.179293 4067821.068981
332212.644472 4067820.827984
332213.109629 4067820.586789
332213.574803 4067820.345240
332214.039996 4067820.103344
332214.505178 4067819.861233
332214.970350 4067819.618889
332215.435521 4067819.376270
332215.900685 4067819.133381
332216.365852 4067818.890136
332216.831047 4067818.646607
332217.296260 4067818.403003
332217.761419 4067818.159228
332218.226597 4067817.915138
332218.691866 4067817.670784
332219.157181 4067817.426163
332219.622458 4067817.181278
332220.087691 4067816.936199
332220.552960 4067816.690928
332221.018282 4067816.445436
332221.483625 4067816.199809
332221.949001 4067815.954002
332222.414417 4067815.707879
332222.879862 4067815.461532
332223.345314 4067815.215035
332223.810849 4067814.968419
332224.276462 4067814.721670
332224.742072 4067814.474766
332225.207704 4067814.227788
332225.673343 4067813.980627
332226.138951 4067813.733258
332226.604595 4067813.485734
332227.070295 4067813.238084
332227.536063 4067812.990329
332228.001913 4067812.742423
332228.467785 4067812.494307
332228.933685 4067812.245968
332229.399678 4067811.997441
332229.865765 4067811.748815
332230.331851 4067811.500055
332230.797961 4067811.251197
332231.264222 4067811.002242
332231.730588 4067810.753095
332232.197030 4067810.503809
332232.663578 4067810.254474
332233.130246 4067810.005084
332233.596982 4067809.755677
332234.063799 4067809.506257
332234.530743 4067809.256733
332234.997809 4067809.007094
332235.465000 4067808.757371
332235.932280 4067808.507624
332236.399618 4067808.257858
332236.867006 4067808.008010
332237.334443 4067807.758085
332237.801937 4067807.508026
332238.269486 4067807.257882
332238.737107 4067807.007671
332239.204810 4067806.757403
332239.672610 4067806.507152
332240.140540 4067806.256928
332240.608610 4067806.006517
332241.076808 4067805.755852
332241.545089 4067805.505154
332242.013386 4067805.254416
332242.481736 4067805.003583
332242.950158 4067804.752675
332243.418627 4067804.501617
332243.887163 4067804.250359
332244.355781 4067803.998959
332244.824457 4067803.747492
332245.293195 4067803.495958
332245.761959 4067803.244380
332246.230769 4067802.992754
332246.699679 4067802.741020
332247.168680 4067802.489203
332247.637762 4067802.237383
332248.106892 4067801.985447
332248.576078 4067801.733379
332249.045372 4067801.481264
332249.514731 4067801.229097
332249.984187 4067800.976947
332250.453765 4067800.724875
332250.923454 4067800.472821
332251.393230 4067800.220745
332251.863084 4067799.968635
332252.333042 4067799.716431
332252.803136 4067799.464225
332253.273426 4067799.212096
332253.743850 4067798.959923
332254.214321 4067798.707744
332254.684903 4067798.455620
332255.155594 4067798.203508
332255.626390 4067797.951395
332256.097334 4067797.699300
332256.568428 4067797.447204
332257.039637 4067797.195128
332257.510959 4067796.943090
332257.982430 4067796.691071
332258.454050 4067796.439070
332258.925782 4067796.187153
332259.397596 4067795.935228
332259.869515 4067795.683250
332260.341609 4067795.431324
332260.813870 4067795.179440
332261.286234 4067794.927548
332261.758752 4067794.675684
332262.231506 4067794.423835
332262.704420 4067794.172039
332263.177418 4067793.920291
332263.650514 4067793.668501
332264.123741 4067793.416579
332264.597110 4067793.164560
332265.070619 4067792.912572
332265.544208 4067792.660586
332266.017907 4067792.408541
332266.491808 4067792.156523
332266.965928 4067791.904551
332267.440222 4067791.652524
332267.914668 4067791.400373
332268.389243 4067791.148052
332268.863988 4067790.895587
332269.338902 4067790.643095
332269.813977 4067790.390539
332270.289209 4067790.137828
332270.764590 4067789.885019
332271.240095 4067789.632153
332271.715717 4067789.379248
332272.191501 4067789.126225
332272.667445 4067788.873011
332273.143460 4067788.619604
332273.619514 4067788.365967
332274.095660 4067788.112142
332274.571947 4067787.858228
332275.048309 4067787.604166
332275.524727 4067787.349883
332276.001239 4067787.095396
332276.477904 4067786.840667
332276.954661 4067786.585692
332277.431479 4067786.330571
332277.908387 4067786.075344
332278.385386 4067785.819995
332278.862473 4067785.564408
332279.339683 4067785.308612
332279.817008 4067785.052704
332280.294456 4067784.796697
332280.772042 4067784.540528
332281.249773 4067784.284161
332281.727597 4067784.027684
332282.205515 4067783.771086
332282.683577 4067783.514244
332283.161753 4067783.257169
332283.639990 4067782.999946
332284.118308 4067782.742642
332284.596750 4067782.485234
332285.075385 4067782.227762
332285.554172 4067781.970278
332286.033107 4067781.712788
332286.512215 4067781.455249
332286.991482 4067781.197739
332287.470873 4067780.940261
332287.950424 4067780.682774
332288.430132 4067780.425268
332288.910052 4067780.167747
332289.390186 4067779.910251
332289.870497 4067779.652871
332290.351032 4067779.395638
332290.831808 4067779.138502
332291.312780 4067778.881504
332291.793945 4067778.624667
332292.275331 4067778.367965
332292.756992 4067778.111425
332293.238918 4067777.855084
332293.721102 4067777.598906
332294.203499 4067777.342885
332294.686153 4067777.087073
332295.169148 4067776.831517
332295.652468 4067776.576295
332296.136027 4067776.321387
332296.619777 4067776.066751
332297.103767 4067775.812469
332297.588087 4067775.558505
332298.072754 4067775.304732
332298.557784 4067775.051218
332299.043142 4067774.798075
332299.528799 4067774.545298
332300.014774 4067774.292860
332300.501110 4067774.040750
332300.987778 4067773.789053
332301.474753 4067773.537790
332301.962103 4067773.286899
332302.449867 4067773.036318
332302.938090 4067772.786111
332303.426743 4067772.536308
332303.915750 4067772.286841
332304.405124 4067772.037730
332304.894875 4067771.788995
332305.384941 4067771.540600
332305.875404 4067771.292516
332306.366327 4067771.044697
332306.857682 4067770.797087
332307.349437 4067770.549773
332307.841624 4067770.302868
332308.334209 4067770.056317
332308.827238 4067769.810070
332309.320744 4067769.564157
332309.814754 4067769.318536
332310.309139 4067769.073112
332310.803823 4067768.827970
332311.298813 4067768.583193
332311.794143 4067768.338730
332312.289794 4067768.094619
332312.785765 4067767.850760
332313.282018 4067767.607035
332313.778554 4067767.363377
332314.275331 4067767.119873
332314.772358 4067766.876633
332315.269613 4067766.633609
332315.767101 4067766.390817
332316.264722 4067766.148331
332316.762430 4067765.906046
332317.260261 4067765.663968
332317.758244 4067765.422179
332318.256263 4067765.180620
332318.754279 4067764.939245
332319.252301 4067764.698111
332319.750251 4067764.457142
332320.248037 4067764.216327
332320.745710 4067763.975666
332321.243278 4067763.735160
332321.740704 4067763.494829
332322.237905 4067763.254630
332322.734880 4067763.014514
332323.231569 4067762.774604
332323.727961 4067762.534887
332324.224002 4067762.295281
332324.719665 4067762.055761
332325.214871 4067761.816407
332325.709514 4067761.577187
332326.203597 4067761.338026
332326.697151 4067761.099003
332327.190066 4067760.860248
332327.682254 4067760.621710
332328.173713 4067760.383321
332328.664408 4067760.145114
332329.154246 4067759.907126
332329.643251 4067759.669329
332330.131417 4067759.431688
332330.618647 4067759.194273
332331.104881 4067758.957134
332331.590175 4067758.720225
332332.074520 4067758.483570
332332.557895 4067758.247278
332333.040268 4067758.011371
332333.521604 4067757.775807
332334.001878 4067757.540559
332334.481073 4067757.305642
332334.959112 4067757.071042
332335.435997 4067756.836756
332335.911744 4067756.602744
332336.386342 4067756.369058
332336.859737 4067756.135724
332337.331935 4067755.902746
332337.802922 4067755.670084
332338.272663 4067755.437680
332338.741193 4067755.205534
332339.208598 4067754.973701
332339.674777 4067754.742127
332340.139671 4067754.510770
332340.603356 4067754.279650
332341.065825 4067754.048764
332341.527020 4067753.818014
332341.987018 4067753.587415
332342.445791 4067753.357078
332342.903306 4067753.126929
332343.359599 4067752.896855
332343.814715 4067752.666884
332344.268633 4067752.437026
332344.721384 4067752.207290
332345.173007 4067751.977564
332345.623554 4067751.747793
332346.072960 4067751.518014
332346.521252 4067751.288286
332346.968380 4067751.058501
332347.414426 4067750.828673
332347.859461 4067750.598823
332348.303555 4067750.368910
332348.746698 4067750.138873
332349.188903 4067749.908656
332349.630077 4067749.678250
332350.070319 4067749.447676
332350.509642 4067749.216947
332350.948104 4067748.986010
332351.385656 4067748.754715
332351.822362 4067748.523067
332352.258140 4067748.291061
332352.693030 4067748.058637
332353.126963 4067747.825801
332353.560022 4067747.592590
332353.992226 4067747.358858
332354.423626 4067747.124494
332354.854134 4067746.889498
332355.283769 4067746.653857
332355.712474 4067746.417640
332356.140363 4067746.180795
332356.567362 4067745.943363
332356.993512 4067745.705370
332357.418724 4067745.466680
332357.843050 4067745.227223
332358.266396 4067744.986941
332358.688729 4067744.745817
332359.109999 4067744.503933
332359.530299 4067744.261211
332359.949500 4067744.017558
332360.367653 4067743.772966
332360.784679 4067743.527459
332361.200570 4067743.281002
332361.615301 4067743.033671
332362.028904 4067742.785386
332362.441218 4067742.536162
332362.852251 4067742.286059
332363.261928 4067742.035066
332363.670145 4067741.783242
332364.076798 4067741.530638
332364.481986 4067741.277208
332364.885603 4067741.022995
332365.287602 4067740.767940
332365.687897 4067740.512100
332366.086482 4067740.255566
332366.483358 4067739.998410
332366.878476 4067739.740583
332367.271716 4067739.482045
332367.663073 4067739.222833
332368.052548 4067738.963051
332368.440072 4067738.702760
332368.825621 4067738.441970
332369.209167 4067738.180577
332369.590628 4067737.918675
332369.970018 4067737.656389
332370.347390 4067737.393701
332370.722791 4067737.130626
332371.096123 4067736.867266
332371.467288 4067736.603610
332371.836278 4067736.339609
332372.203090 4067736.075294
332372.567743 4067735.810766
332372.930315 4067735.545969
332373.290816 4067735.280957
332373.649185 4067735.015866
332374.005425 4067734.750758
332374.359600 4067734.485560
332374.711733 4067734.220283
332375.061822 4067733.954886
332375.409884 4067733.689433
332375.755929 4067733.423908
332376.100034 4067733.158448
332376.442351 4067732.893072
332376.782833 4067732.627806
332377.121500 4067732.362630
332377.458454 4067732.097664
332377.793674 4067731.832887
332378.127247 4067731.568398
332378.459425 4067731.304237
332378.790192 4067731.040470
332379.119578 4067730.777097
332379.447691 4067730.514294
332379.774617 4067730.252044
332380.100403 4067729.990424
332380.425162 4067729.729454
332380.748953 4067729.469232
332381.071866 4067729.209748
332381.393946 4067728.951163
332381.715344 4067728.693470
332382.036123 4067728.436727
332382.356354 4067728.180935
332382.676040 4067727.926178
332382.995348 4067727.672315
332383.314289 4067727.419513
332383.632879 4067727.167892
332383.951198 4067726.917627
332384.269404 4067726.668675
332384.587472 4067726.421141
332384.905526 4067726.174905
332385.223576 4067725.930171
332385.541782 4067725.686913
332385.860129 4067725.445272
332386.178722 4067725.205363
332386.497558 4067724.967385
332386.816726 4067724.731404
332387.136167 4067724.497517
332387.455975 4067724.265665
332387.776117 4067724.036093
332388.096737 4067723.808796
332388.417817 4067723.583933
332388.739452 4067723.361526
332389.061510 4067723.141783
332389.384030 4067722.924721
332389.706937 4067722.710476
332390.030291 4067722.499106
332390.353989 4067722.290827
332390.678109 4067722.085651
332391.002618 4067721.883738
332391.327559 4067721.685146
332391.652769 4067721.490106
332391.978224 4067721.298538
332392.303781 4067721.110607
332392.629450 4067720.926348
332392.955137 4067720.745952
332393.280820 4067720.569481
332393.606363 4067720.397180
332393.931722 4067720.228871
332394.256770 4067720.064678
332394.581488 4067719.904655
332394.905871 4067719.748905
332395.230001 4067719.597338
332395.553655 4067719.450165
332395.876807 4067719.307404
332396.199362 4067719.169289
332396.521292 4067719.035829
332396.842461 4067718.907107
332397.162897 4067718.783077
332397.482513 4067718.663962
332397.801354 4067718.549757
332398.119278 4067718.440586
332398.436215 4067718.336406
332398.752105 4067718.237311
332399.066954 4067718.143246
332399.380670 4067718.054472
332399.693295 4067717.970921
332400.004689 4067717.892627
332400.314849 4067717.819590
332400.623605 4067717.751922
332400.930909 4067717.689569
332401.236741 4067717.632667
332401.541204 4067717.581106
332401.844192 4067717.534965
332402.145571 4067717.494265
332402.445169 4067717.459166
332402.743082 4067717.429499
332403.039275 4067717.405226
332403.331410 4067717.383204
332403.619607 4067717.363937
332403.904541 4067717.347472
332404.186349 4067717.334284
332404.465688 4067717.324521
332404.742638 4067717.318622
332405.017824 4067717.316566
332405.291126 4067717.318768
332405.563058 4067717.325310
332405.833572 4067717.336637
332406.103265 4067717.352906
332406.372094 4067717.374550
332406.640665 4067717.401669
332406.908596 4067717.434622
332407.176237 4067717.473662
332407.443366 4067717.519148
332407.710467 4067717.571265
332407.977213 4067717.630373
332408.244232 4067717.696769
332408.511089 4067717.770730
332408.777975 4067717.852538
332409.044443 4067717.942450
332409.310903 4067718.040792
332409.576777 4067718.147768
332409.842413 4067718.263770
332410.107259 4067718.388922
332410.371444 4067718.523699
332410.634274 4067718.668295
332410.895893 4067718.823088
332411.155719 4067718.987941
332411.413824 4067719.163258
332411.669460 4067719.348978
332411.922584 4067719.545412
332412.172445 4067719.752513
332412.418838 4067719.970520
332412.660958 4067720.199241
332412.898505 4067720.438848
332413.130728 4067720.688926
332413.353623 4067720.950687
332413.566886 4067721.223557
332413.770334 4067721.506985
332413.963678 4067721.800505
332414.146742 4067722.103543
332414.319201 4067722.415592
332414.480868 4067722.735965
332414.631491 4067723.064133
332414.774699 4067723.398459
332414.909885 4067723.738540
332415.036473 4067724.083865
332415.153883 4067724.433981
332415.257869 4067724.789275
332415.348299 4067725.149233
332415.428843 4067725.512124
332415.499011 4067725.877508
332415.554681 4067726.245847
332415.595896 4067726.616738
332415.626315 4067726.988331
332415.645570 4067727.360262
332415.653206 4067727.731798
332415.648955 4067728.102570
332415.632446 4067728.471997
332415.603497 4067728.839989
332415.561734 4067729.206045
332415.507027 4067729.569859
332415.438974 4067729.931079
332415.357422 4067730.289532
332415.262081 4067730.644851
332415.152959 4067730.996766
332415.029600 4067731.344919
332414.892122 4067731.689048
332414.740402 4067732.028885
332414.574567 4067732.364203
332414.394531 4067732.694786
332414.200468 4067733.020356
332413.992271 4067733.340765
332413.770300 4067733.655744
332413.534551 4067733.965022
332413.285394 4067734.268329
332413.022970 4067734.565397
332412.747671 4067734.855975
332412.461024 4067735.139186
332412.163369 4067735.414752
332411.854202 4067735.682761
332411.534042 4067735.942936
