346732.062693 4070422.208870
346732.548264 4070421.678110
346733.039315 4070421.139260
346733.556240 4070420.574540
346734.077913 4070420.015610
346734.619120 4070419.430690
346735.167277 4070418.839990
346735.739420 4070418.247530
346736.316856 4070417.636550
346736.900486 4070417.042330
346737.494826 4070416.427940
346738.093435 4070415.802710
346738.716599 4070415.177480
346739.342162 4070414.541660
346739.983640 4070413.902120
346740.626619 4070413.271540
346741.286110 4070412.630680
346741.945891 4070411.996030
346742.613643 4070411.352800
346743.284364 4070410.720720
346743.951235 4070410.088050
346744.624050 4070409.483130
346745.296088 4070408.854800
346745.981078 4070408.241670
346746.666918 4070407.626200
346747.349173 4070407.014890
346748.037493 4070406.408250
346748.727385 4070405.799580
346749.425259 4070405.192880
346750.117594 4070404.591040
346750.819668 4070403.994480
346751.518171 4070403.392980
346752.229363 4070402.807010
346752.942052 4070402.229780
346753.667071 4070401.658000
346754.380121 4070401.080990
346755.109698 4070400.529310
346755.836136 4070399.981920
346756.567876 4070399.441300
346757.303506 4070398.913500
346758.059233 4070398.381110
346758.816116 4070397.883330
346759.590185 4070397.382910
346760.360772 4070396.912410
346761.128326 4070396.456940
346761.915327 4070396.010440
346762.701332 4070395.598040
346763.496189 4070395.166390
346764.292980 4070394.762890
346765.097054 4070394.367250
346765.912823 4070393.996370
346766.733281 4070393.647940
346767.557641 4070393.307980
346768.387914 4070393.008980
346769.214768 4070392.738330
346770.039322 4070392.498810
346770.879935 4070392.273420
346771.719244 4070392.084900
346772.562415 4070391.917510
346773.401659 4070391.790040
346774.224716 4070391.646200
346775.046160 4070391.531920
346775.857084 4070391.443350
346776.663684 4070391.337760
346777.460744 4070391.257760
346778.252596 4070391.166200
346779.030535 4070391.070570
346779.800231 4070390.983290
346780.568498 4070390.881060
346781.314332 4070390.757700
346782.054863 4070390.642310
346782.800079 4070390.489440
346783.540725 4070390.315790
346784.301252 4070390.130460
346785.054350 4070389.914310
346785.818716 4070389.684190
346786.583394 4070389.426650
346787.358104 4070389.136080
346788.126852 4070388.841620
346788.870548 4070388.524420
346789.602566 4070388.178350
346790.341085 4070387.816410
346791.042106 4070387.424730
346791.729582 4070387.009660
346792.392866 4070386.579920
346793.029480 4070386.121810
346793.645940 4070385.640210
346794.245011 4070385.139930
346794.817160 4070384.632040
346795.385834 4070384.129540
346795.936168 4070383.625030
346796.482178 4070383.108400
346797.029759 4070382.609710
346797.577852 4070382.139540
346798.141205 4070381.678860
346798.725525 4070381.237230
346799.315947 4070380.827110
346799.898878 4070380.452420
346800.505156 4070380.104950
346801.124444 4070379.810850
346801.766932 4070379.550730
346802.419574 4070379.339040
346803.070646 4070379.209060
346803.736244 4070379.117320
346804.393104 4070379.041170
346805.057118 4070379.040360
346805.695282 4070379.121580
346806.336680 4070379.218840
346806.970040 4070379.345870
346807.595067 4070379.560830
346808.190154 4070379.828940
346808.768698 4070380.100670
346809.322328 4070380.427000
346809.843710 4070380.827160
346810.325619 4070381.271650
346810.779893 4070381.743480
346811.214327 4070382.244190
346811.618899 4070382.777510
346811.989800 4070383.320210
346812.321766 4070383.907440
346812.603659 4070384.510540
346812.844340 4070385.125710
346813.040565 4070385.736460
346813.177801 4070386.368800
346813.269431 4070386.982310
346813.285458 4070387.602060
346813.252558 4070388.236890
346813.195910 4070388.846960
346813.091417 4070389.452780
346812.926639 4070390.022840
346812.729911 4070390.578820
346812.497859 4070391.131660
346812.224215 4070391.685360
346811.930430 4070392.241190
346811.609041 4070392.781320
346811.245273 4070393.318210
346810.864533 4070393.854750
346810.445297 4070394.390520
346810.001541 4070394.923190
346809.532371 4070395.462640
346809.046507 4070395.977420
346808.548874 4070396.522930
346808.034621 4070397.047870
346807.503822 4070397.581210
346806.959259 4070398.123680
346806.382021 4070398.666400
346805.791083 4070399.221900
346805.183599 4070399.765830
346804.575936 4070400.309760
346803.952383 4070400.863850
346803.309834 4070401.404190
346802.655428 4070401.945520
346802.005758 4070402.482110
346801.360958 4070402.996520
346800.720111 4070403.497320
346800.083122 4070403.984290
346799.469624 4070404.456740
346798.850619 4070404.915870
346798.227525 4070405.356090
346797.616258 4070405.783670
346796.993295 4070406.196360
346796.372399 4070406.599810
346795.734335 4070406.996910
346795.088430 4070407.394920
346794.426902 4070407.778130
346793.755448 4070408.145530
346793.055559 4070408.500670
346792.351744 4070408.836020
346791.631355 4070409.148370
346790.893809 4070409.430060
346790.136708 4070409.681800
346789.364667 4070409.907060
346788.589114 4070410.100760
346787.819028 4070410.280710
346787.041992 4070410.401740
346786.287115 4070410.488750
346785.535866 4070410.534190
346784.789048 4070410.552810
346784.044237 4070410.543970
346783.326343 4070410.527550
346782.617211 4070410.476910
346781.920419 4070410.412390
346781.233582 4070410.335370
346780.529351 4070410.274200
346779.826198 4070410.208470
346779.117691 4070410.137940
346778.404565 4070410.073720
346777.682669 4070410.028290
346776.960816 4070410.000180
346776.242053 4070409.975120
346775.515636 4070409.986270
346774.786184 4070410.027320
346774.054643 4070410.086280
346773.327738 4070410.189660
346772.600114 4070410.332560
346771.889049 4070410.507680
346771.164107 4070410.725440
346770.460748 4070410.971670
346769.767900 4070411.261320
346769.083789 4070411.585120
346768.411777 4070411.951190
346767.764119 4070412.360900
346767.131203 4070412.810950
346766.494984 4070413.280930
346765.889905 4070413.774660
346765.295893 4070414.302920
346764.700179 4070414.820890
346764.114488 4070415.355110
346763.528381 4070415.915860
346762.953504 4070416.475520
346762.379785 4070417.044920
346761.810810 4070417.615020
346761.237700 4070418.203500
346760.669989 4070418.774350
346760.093048 4070419.363240
346759.525923 4070419.951840
346758.959138 4070420.549420
346758.392563 4070421.143770
346757.815408 4070421.730670
346757.244850 4070422.316990
346756.684707 4070422.896590
346756.133287 4070423.464710
346755.588559 4070424.007730
346755.067317 4070424.550890
346754.550490 4070425.071450
346754.060624 4070425.571870
346753.593787 4070426.037040
346753.154223 4070426.474640
346752.756693 4070426.871310
