346718.414063 4070424.561000
346718.459278 4070424.525313
346718.504456 4070424.489625
346718.549600 4070424.453938
346718.594708 4070424.418251
346718.639782 4070424.382566
346718.684822 4070424.346883
346718.729829 4070424.311202
346718.774803 4070424.275524
346718.819745 4070424.239851
346718.864652 4070424.204189
346718.909544 4070424.168517
346718.954422 4070424.132836
346718.999287 4070424.097144
346719.044141 4070424.061441
346719.088984 4070424.025726
346719.133818 4070423.990000
346719.178645 4070423.954262
346719.223465 4070423.918511
346719.268280 4070423.882747
346719.313085 4070423.846973
346719.357857 4070423.811199
346719.402596 4070423.775427
346719.447304 4070423.739655
346719.491981 4070423.703884
346719.536628 4070423.668115
346719.581245 4070423.632347
346719.625833 4070423.596580
346719.670392 4070423.560815
346719.714924 4070423.525051
346719.759426 4070423.489296
346719.803940 4070423.453524
346719.848467 4070423.417733
346719.893010 4070423.381922
346719.937569 4070423.346091
346719.982149 4070423.310237
346720.026751 4070423.274361
346720.071376 4070423.238461
346720.116028 4070423.202536
346720.160707 4070423.166585
346720.205413 4070423.130607
346720.250102 4070423.094618
346720.294777 4070423.058618
346720.339438 4070423.022607
346720.384086 4070422.986586
346720.428720 4070422.950552
346720.473342 4070422.914508
346720.517952 4070422.878452
346720.562551 4070422.842384
346720.607140 4070422.806304
346720.651714 4070422.770220
346720.696299 4070422.734120
346720.740895 4070422.698002
346720.785504 4070422.661866
346720.830127 4070422.625711
346720.874767 4070422.589536
346720.919424 4070422.553340
346720.964101 4070422.517124
346721.008799 4070422.480885
346721.053519 4070422.444623
346721.098260 4070422.408337
346721.143033 4070422.372013
346721.187843 4070422.335649
346721.232689 4070422.299244
346721.277576 4070422.262796
346721.322504 4070422.226306
346721.367477 4070422.189771
346721.412495 4070422.153190
346721.457562 4070422.116563
346721.502679 4070422.079888
346721.547842 4070422.043166
346721.593066 4070422.006390
346721.638353 4070421.969558
346721.683704 4070421.932669
346721.729125 4070421.895722
346721.774615 4070421.858714
346721.820180 4070421.821646
346721.865821 4070421.784515
346721.911541 4070421.747320
346721.957342 4070421.710060
346722.003225 4070421.672740
346722.049121 4070421.635403
346722.095028 4070421.598049
346722.140948 4070421.560678
346722.186879 4070421.523291
346722.232823 4070421.485888
346722.278777 4070421.448469
346722.324744 4070421.411035
346722.370721 4070421.373585
346722.416710 4070421.336121
346722.462709 4070421.298646
346722.508726 4070421.261157
346722.554763 4070421.223655
346722.600818 4070421.186138
346722.646891 4070421.148607
346722.692984 4070421.111063
346722.739094 4070421.073506
346722.785223 4070421.035935
346722.831371 4070420.998351
346722.877536 4070420.960755
346722.923706 4070420.923139
346722.969884 4070420.885496
346723.016069 4070420.847829
346723.062262 4070420.810136
346723.108463 4070420.772418
346723.154673 4070420.734677
346723.200892 4070420.696912
346723.247120 4070420.659124
346723.293357 4070420.621314
346723.339604 4070420.583482
346723.385863 4070420.545639
346723.432148 4070420.507772
346723.478461 4070420.469881
346723.524801 4070420.431966
346723.571170 4070420.394025
346723.617567 4070420.356060
346723.663994 4070420.318069
346723.710451 4070420.280053
346723.756938 4070420.242011
346723.803455 4070420.203943
346723.849998 4070420.165850
346723.896592 4070420.127711
346723.943238 4070420.089524
346723.989937 4070420.051288
346724.036693 4070420.013003
346724.083505 4070419.974667
346724.130376 4070419.936279
346724.177306 4070419.897840
346724.224299 4070419.859347
346724.271354 4070419.820800
346724.318468 4070419.782204
346724.365673 4070419.743534
346724.412972 4070419.704788
346724.460366 4070419.665964
346724.507860 4070419.627059
346724.555455 4070419.588073
346724.603156 4070419.549002
346724.650964 4070419.509845
346724.698882 4070419.470600
346724.746913 4070419.431265
346724.795054 4070419.391840
346724.843324 4070419.352302
346724.891725 4070419.312651
346724.940261 4070419.272881
346724.988936 4070419.232992
346725.037752 4070419.192980
346725.086714 4070419.152843
346725.135824 4070419.112577
346725.185087 4070419.072181
346725.234506 4070419.031650
346725.284083 4070418.990985
346725.333730 4070418.950271
346725.383447 4070418.909509
346725.433232 4070418.868698
346725.483086 4070418.827841
346725.533009 4070418.786937
346725.583001 4070418.745988
346725.633060 4070418.704995
346725.683187 4070418.663958
346725.733380 4070418.622878
346725.783634 4070418.581753
346725.833953 4070418.540560
346725.884338 4070418.499299
346725.934788 4070418.457972
346725.985304 4070418.416577
346726.035884 4070418.375116
346726.086530 4070418.333588
346726.137240 4070418.291994
346726.188015 4070418.250335
346726.238854 4070418.208610
346726.289754 4070418.166832
346726.340723 4070418.125002
346726.391762 4070418.083120
346726.442870 4070418.041185
346726.494048 4070417.999199
346726.545296 4070417.957160
346726.596613 4070417.915070
346726.647999 4070417.872927
346726.699455 4070417.830734
346726.750979 4070417.788488
346726.802565 4070417.746189
346726.854219 4070417.703834
346726.905941 4070417.661421
346726.957733 4070417.618953
346727.009594 4070417.576429
346727.061525 4070417.533850
346727.113525 4070417.491216
346727.165595 4070417.448527
346727.217735 4070417.405784
346727.269945 4070417.362988
346727.322221 4070417.320143
346727.374567 4070417.277249
346727.426983 4070417.234305
346727.479470 4070417.191311
346727.532028 4070417.148269
346727.584657 4070417.105178
346727.637357 4070417.062038
346727.690129 4070417.018851
346727.742972 4070416.975616
346727.795887 4070416.932334
346727.848871 4070416.889012
346727.901921 4070416.845643
346727.955037 4070416.802224
346728.008220 4070416.758757
346728.061469 4070416.715241
346728.114784 4070416.671677
346728.168165 4070416.628063
346728.221612 4070416.584400
346728.275124 4070416.540688
346728.328702 4070416.496928
346728.382338 4070416.453113
346728.436039 4070416.409244
346728.489805 4070416.365319
346728.543638 4070416.321339
346728.597537 4070416.277304
346728.651502 4070416.233215
346728.705533 4070416.189072
346728.759631 4070416.144875
346728.813795 4070416.100624
346728.868025 4070416.056320
346728.922317 4070416.011968
346728.976682 4070415.967570
346729.031119 4070415.923127
346729.085630 4070415.878638
346729.140215 4070415.834104
346729.194873 4070415.789526
346729.249607 4070415.744903
346729.304415 4070415.700237
346729.359298 4070415.655527
346729.414256 4070415.610774
346729.469287 4070415.565987
346729.524390 4070415.521153
346729.579566 4070415.476274
346729.634814 4070415.431349
346729.690136 4070415.386379
346729.745531 4070415.341362
346729.801000 4070415.296299
346729.856541 4070415.251191
346729.912157 4070415.206036
346729.967845 4070415.160834
346730.023598 4070415.115589
346730.079417 4070415.070296
346730.135305 4070415.024955
346730.191262 4070414.979567
346730.247287 4070414.934132
346730.303381 4070414.888650
346730.359545 4070414.843120
346730.415778 4070414.797543
346730.472082 4070414.751918
346730.528455 4070414.706247
346730.584897 4070414.660532
346730.641414 4070414.614774
346730.698005 4070414.568975
346730.754672 4070414.523132
346730.811414 4070414.477247
346730.868232 4070414.431320
346730.925126 4070414.385351
346730.982095 4070414.339339
346731.039142 4070414.293286
346731.096264 4070414.247191
346731.153453 4070414.201055
346731.210711 4070414.154872
346731.268038 4070414.108640
346731.325435 4070414.062359
346731.382903 4070414.016031
346731.440442 4070413.969655
346731.498053 4070413.923230
346731.555735 4070413.876758
346731.613489 4070413.830237
346731.671315 4070413.783669
346731.729216 4070413.737053
346731.787200 4070413.690387
346731.845267 4070413.643670
346731.903417 4070413.596904
346731.961651 4070413.550087
346732.019967 4070413.503221
346732.078368 4070413.456305
346732.136852 4070413.409340
346732.195421 4070413.362326
346732.254073 4070413.315264
346732.312803 4070413.268157
346732.371613 4070413.221000
346732.430502 4070413.173791
346732.489471 4070413.126532
346732.548521 4070413.079221
346732.607650 4070413.031859
346732.666860 4070412.984447
346732.726150 4070412.936983
346732.785521 4070412.889468
346732.844972 4070412.841902
346732.904502 4070412.794282
346732.964116 4070412.746610
346733.023815 4070412.698886
346733.083597 4070412.651109
346733.143465 4070412.603281
346733.203416 4070412.555401
346733.263453 4070412.507470
346733.323573 4070412.459488
346733.383778 4070412.411456
346733.444068 4070412.363375
346733.504439 4070412.315242
346733.564894 4070412.267052
346733.625435 4070412.218804
346733.686061 4070412.170499
346733.746772 4070412.122136
346733.807569 4070412.073716
346733.868451 4070412.025239
346733.929418 4070411.976706
346733.990470 4070411.928117
346734.051606 4070411.879472
346734.112827 4070411.830769
346734.174136 4070411.782011
346734.235532 4070411.733196
346734.297016 4070411.684327
346734.358587 4070411.635403
346734.420245 4070411.586424
346734.481990 4070411.537392
346734.543822 4070411.488307
346734.605741 4070411.439169
346734.667745 4070411.389979
346734.729829 4070411.340733
346734.791999 4070411.291430
346734.854253 4070411.242069
346734.916592 4070411.192652
346734.979017 4070411.143180
346735.041526 4070411.093654
346735.104121 4070411.044073
346735.166800 4070410.994440
346735.229564 4070410.944756
346735.292413 4070410.895020
346735.355350 4070410.845240
346735.418378 4070410.795412
346735.481497 4070410.745534
346735.544706 4070410.695607
346735.608005 4070410.645632
346735.671392 4070410.595609
346735.734869 4070410.545539
346735.798434 4070410.495422
346735.862086 4070410.445259
346735.925826 4070410.395049
346735.989648 4070410.344787
346736.053553 4070410.294469
346736.117539 4070410.244096
346736.181606 4070410.193667
346736.245754 4070410.143184
346736.309981 4070410.092648
346736.374288 4070410.042059
346736.438674 4070409.991419
346736.503137 4070409.940726
346736.567677 4070409.889984
346736.632288 4070409.839186
346736.696983 4070409.788341
346736.761762 4070409.737452
346736.826625 4070409.686519
346736.891572 4070409.635544
346736.956602 4070409.584528
346737.021715 4070409.533473
346737.086911 4070409.482380
346737.152190 4070409.431250
346737.217550 4070409.380084
346737.282995 4070409.328887
346737.348521 4070409.277648
346737.414127 4070409.226368
346737.479813 4070409.175049
346737.545578 4070409.123690
346737.611422 4070409.072293
346737.677343 4070409.020860
346737.743341 4070408.969390
346737.809416 4070408.917886
346737.875566 4070408.866347
346737.941785 4070408.814779
346738.008081 4070408.763179
346738.074451 4070408.711551
346738.140897 4070408.659894
346738.207416 4070408.608209
346738.274008 4070408.556498
346738.340673 4070408.504761
346738.407411 4070408.453000
346738.474220 4070408.401214
346738.541100 4070408.349406
346738.608049 4070408.297571
346738.675074 4070408.245704
346738.742172 4070408.193805
346738.809344 4070408.141876
346738.876589 4070408.089917
346738.943907 4070408.037931
346739.011296 4070407.985917
346739.078755 4070407.933877
346739.146286 4070407.881812
346739.213885 4070407.829723
346739.281547 4070407.777609
346739.349275 4070407.725470
346739.417070 4070407.673307
346739.484930 4070407.621122
346739.552856 4070407.568914
346739.620848 4070407.516686
346739.688903 4070407.464438
346739.757023 4070407.412172
346739.825206 4070407.359889
346739.893452 4070407.307589
346739.961764 4070407.255280
346740.030143 4070407.202961
346740.098588 4070407.150632
346740.167097 4070407.098294
346740.235669 4070407.045948
346740.304305 4070406.993595
346740.373003 4070406.941236
346740.441761 4070406.888872
346740.510579 4070406.836503
346740.579457 4070406.784131
346740.648390 4070406.731754
346740.717387 4070406.679377
346740.786445 4070406.627000
346740.855563 4070406.574624
346740.924742 4070406.522252
346740.993980 4070406.469884
346741.063276 4070406.417521
346741.132630 4070406.365165
346741.202039 4070406.312817
346741.271505 4070406.260478
346741.341021 4070406.208147
346741.410592 4070406.155814
346741.480215 4070406.103479
346741.549890 4070406.051142
346741.619617 4070405.998806
346741.689393 4070405.946471
346741.759219 4070405.894137
346741.829093 4070405.841806
346741.899015 4070405.789478
346741.968983 4070405.737155
346742.038991 4070405.684828
346742.109047 4070405.632503
346742.179150 4070405.580180
346742.249299 4070405.527862
346742.319493 4070405.475549
346742.389733 4070405.423242
346742.460018 4070405.370943
346742.530346 4070405.318654
346742.600717 4070405.266375
346742.671131 4070405.214107
346742.741589 4070405.161857
346742.812096 4070405.109618
346742.882650 4070405.057394
346742.953251 4070405.005183
346743.023898 4070404.952988
346743.094590 4070404.900809
346743.165327 4070404.848648
346743.236106 4070404.796505
346743.306929 4070404.744381
346743.377792 4070404.692277
346743.448698 4070404.640196
346743.519648 4070404.588130
346743.590642 4070404.536080
346743.661678 4070404.484046
346743.732755 4070404.432030
346743.803872 4070404.380031
346743.875029 4070404.328051
346743.946224 4070404.276090
346744.017457 4070404.224149
346744.088725 4070404.172227
346744.160022 4070404.120317
346744.231354 4070404.068423
346744.302720 4070404.016547
346744.374119 4070403.964689
346744.445552 4070403.912852
346744.517018 4070403.861036
346744.588515 4070403.809242
346744.660044 4070403.757472
346744.731603 4070403.705726
346744.803192 4070403.654007
346744.874805 4070403.602307
346744.946446 4070403.550624
346745.018115 4070403.498959
346745.089810 4070403.447313
346745.161533 4070403.395686
346745.233282 4070403.344081
346745.305057 4070403.292499
346745.376858 4070403.240940
346745.448683 4070403.189406
346745.520533 4070403.137898
346745.592404 4070403.086417
346745.664300 4070403.034958
346745.736219 4070402.983520
346745.808162 4070402.932106
346745.880128 4070402.880715
346745.952116 4070402.829348
346746.024127 4070402.778006
346746.096159 4070402.726690
346746.168212 4070402.675401
346746.240286 4070402.624139
346746.312371 4070402.572892
346746.384479 4070402.521660
346746.456607 4070402.470443
346746.528758 4070402.419243
346746.600931 4070402.368062
346746.673126 4070402.316900
346746.745343 4070402.265758
346746.817583 4070402.214638
346746.889844 4070402.163541
346746.962128 4070402.112467
346747.034431 4070402.061414
346747.106755 4070402.010376
346747.179100 4070401.959357
346747.251467 4070401.908356
346747.323855 4070401.857375
346747.396265 4070401.806416
346747.468696 4070401.755478
346747.541149 4070401.704564
346747.613623 4070401.653675
346747.686118 4070401.602810
346747.758635 4070401.551956
346747.831184 4070401.501114
346747.903766 4070401.450285
346747.976380 4070401.399471
346748.049027 4070401.348673
346748.121708 4070401.297893
346748.194422 4070401.247132
346748.267170 4070401.196392
346748.339952 4070401.145674
346748.412769 4070401.094980
346748.485608 4070401.044303
346748.558469 4070400.993646
346748.631352 4070400.943009
346748.704257 4070400.892395
346748.777184 4070400.841806
346748.850134 4070400.791242
346748.923107 4070400.740706
346748.996104 4070400.690200
346749.069126 4070400.639723
346749.142171 4070400.589280
346749.215239 4070400.538854
346749.288335 4070400.488446
346749.361461 4070400.438055
346749.434618 4070400.387685
346749.507805 4070400.337336
346749.581024 4070400.287011
346749.654274 4070400.236711
346749.727557 4070400.186439
346749.800872 4070400.136195
346749.874221 4070400.085981
346749.947596 4070400.035781
346750.021000 4070399.985600
346750.094435 4070399.935439
346750.167899 4070399.885302
346750.241395 4070399.835191
346750.314923 4070399.785107
346750.388483 4070399.735054
346750.462077 4070399.685034
346750.535704 4070399.635048
346750.609365 4070399.585099
346750.683059 4070399.535179
346750.756789 4070399.485291
346750.830556 4070399.435439
346750.904360 4070399.385624
346750.978203 4070399.335849
346751.052085 4070399.286116
346751.126007 4070399.236428
346751.199969 4070399.186787
346751.273972 4070399.137195
346751.348017 4070399.087654
346751.422095 4070399.038147
346751.496208 4070398.988680
346751.570358 4070398.939255
346751.644544 4070398.889875
346751.718768 4070398.840542
346751.793031 4070398.791260
346751.867333 4070398.742031
346751.941675 4070398.692859
346752.016058 4070398.643745
346752.090482 4070398.594692
346752.164940 4070398.545676
346752.239438 4070398.496706
346752.313978 4070398.447786
346752.388562 4070398.398920
346752.463190 4070398.350111
346752.537863 4070398.301362
346752.612583 4070398.252678
346752.687351 4070398.204062
346752.762168 4070398.155516
346752.837035 4070398.107045
346752.911955 4070398.058640
346752.986926 4070398.010297
346753.061947 4070397.962020
346753.137020 4070397.913811
346753.212145 4070397.865676
346753.287323 4070397.817615
346753.362554 4070397.769634
346753.437839 4070397.721735
346753.513179 4070397.673920
346753.588573 4070397.626194
346753.664019 4070397.578557
346753.739520 4070397.531021
346753.815079 4070397.483587
346753.890694 4070397.436261
346753.966368 4070397.389043
346754.042100 4070397.341939
346754.117892 4070397.294949
346754.193744 4070397.248079
346754.269657 4070397.201329
346754.345630 4070397.154704
346754.421662 4070397.108171
346754.497759 4070397.061741
346754.573920 4070397.015417
346754.650147 4070396.969204
346754.726442 4070396.923107
346754.802804 4070396.877128
346754.879234 4070396.831272
346754.955733 4070396.785544
346755.032302 4070396.739946
346755.108941 4070396.694483
346755.185648 4070396.649146
346755.262422 4070396.603938
346755.339262 4070396.558862
346755.416170 4070396.513924
346755.493146 4070396.469126
346755.570191 4070396.424472
346755.647305 4070396.379966
346755.724489 4070396.335612
346755.801743 4070396.291413
346755.879068 4070396.247373
346755.956476 4070396.203489
346756.033971 4070396.159764
346756.111554 4070396.116200
346756.189224 4070396.072800
346756.266982 4070396.029569
346756.344828 4070395.986508
346756.422761 4070395.943622
346756.500781 4070395.900913
346756.578889 4070395.858385
346756.657085 4070395.816039
346756.735371 4070395.773865
346756.813747 4070395.731871
346756.892215 4070395.690061
346756.970772 4070395.648438
346757.049419 4070395.607006
346757.128156 4070395.565769
346757.206982 4070395.524728
346757.285896 4070395.483888
346757.364899 4070395.443251
346757.443990 4070395.402821
346757.523180 4070395.362586
346757.602474 4070395.322552
346757.681873 4070395.282722
346757.761375 4070395.243100
346757.840980 4070395.203688
346757.920687 4070395.164491
346758.000496 4070395.125510
346758.080405 4070395.086749
346758.160413 4070395.048211
346758.240521 4070395.009898
346758.320725 4070394.971820
346758.401019 4070394.933971
346758.481403 4070394.896356
346758.561877 4070394.858976
346758.642438 4070394.821832
346758.723086 4070394.784927
346758.803820 4070394.748262
346758.884638 4070394.711840
346758.965541 4070394.675662
346759.046526 4070394.639729
346759.127610 4070394.604032
346759.208793 4070394.568575
346759.290072 4070394.533361
346759.371447 4070394.498391
346759.452914 4070394.463667
346759.534473 4070394.429190
346759.616122 4070394.394963
346759.697858 4070394.360986
346759.779680 4070394.327262
346759.861586 4070394.293791
346759.943582 4070394.260578
346760.025667 4070394.227626
346760.107842 4070394.194937
346760.190102 4070394.162511
346760.272446 4070394.130349
346760.354873 4070394.098452
346760.437379 4070394.066820
346760.519963 4070394.035455
346760.602624 4070394.004356
346760.685357 4070393.973525
346760.768171 4070393.942953
346760.851067 4070393.912648
346760.934043 4070393.882612
346761.017097 4070393.852846
346761.100227 4070393.823349
346761.183430 4070393.794124
346761.266705 4070393.765171
346761.350049 4070393.736489
346761.433460 4070393.708080
346761.516935 4070393.679944
346761.600479 4070393.652090
346761.684086 4070393.624516
346761.767754 4070393.597220
346761.851481 4070393.570202
346761.935262 4070393.543462
346762.019096 4070393.516999
346762.102980 4070393.490812
346762.186911 4070393.464900
346762.270886 4070393.439263
346762.354904 4070393.413899
346762.438971 4070393.388807
346762.523083 4070393.363984
346762.607238 4070393.339430
346762.691432 4070393.315141
346762.775661 4070393.291119
346762.859922 4070393.267360
346762.944213 4070393.243864
346763.028530 4070393.220628
346763.112869 4070393.197652
346763.197228 4070393.174933
346763.281605 4070393.152472
346763.366002 4070393.130278
346763.450417 4070393.108348
346763.534847 4070393.086682
346763.619289 4070393.065276
346763.703740 4070393.044130
346763.788197 4070393.023241
346763.872658 4070393.002608
346763.957119 4070392.982227
346764.041578 4070392.962097
346764.126035 4070392.942214
346764.210494 4070392.922584
346764.294951 4070392.903204
346764.379403 4070392.884071
346764.463848 4070392.865184
346764.548282 4070392.846540
346764.632703 4070392.828137
346764.717108 4070392.809972
346764.801494 4070392.792043
346764.885859 4070392.774347
346764.970208 4070392.756892
346765.054541 4070392.739674
346765.138854 4070392.722691
346765.223146 4070392.705939
346765.307412 4070392.689415
346765.391649 4070392.673114
346765.475855 4070392.657034
346765.560026 4070392.641170
346765.644160 4070392.625519
346765.728252 4070392.610078
346765.812298 4070392.594845
346765.896303 4070392.579831
346765.980265 4070392.565033
346766.064180 4070392.550446
346766.148047 4070392.536067
346766.231863 4070392.521893
346766.315625 4070392.507918
346766.399331 4070392.494140
346766.482979 4070392.480555
346766.566566 4070392.467157
346766.650101 4070392.453951
346766.733584 4070392.440938
346766.817013 4070392.428113
346766.900384 4070392.415472
346766.983696 4070392.403010
346767.066944 4070392.390724
346767.150128 4070392.378609
346767.233243 4070392.366659
346767.316288 4070392.354871
346767.399259 4070392.343240
346767.482154 4070392.331757
346767.564970 4070392.320435
346767.647704 4070392.309268
346767.730355 4070392.298254
346767.812919 4070392.287387
346767.895394 4070392.276664
346767.977777 4070392.266080
346768.060066 4070392.255630
346768.142259 4070392.245311
346768.224352 4070392.235117
346768.306357 4070392.225059
346768.388282 4070392.215140
346768.470123 4070392.205354
346768.551880 4070392.195697
346768.633549 4070392.186163
346768.715127 4070392.176748
346768.796613 4070392.167446
346768.878004 4070392.158253
346768.959298 4070392.149162
346769.040492 4070392.140169
346769.121584 4070392.131273
346769.202574 4070392.122484
346769.283459 4070392.113797
346769.364238 4070392.105207
346769.444909 4070392.096709
346769.525469 4070392.088298
346769.605916 4070392.079968
346769.686248 4070392.071715
346769.766464 4070392.063533
346769.846561 4070392.055416
346769.926550 4070392.047371
346770.006436 4070392.039409
346770.086216 4070392.031527
346770.165889 4070392.023719
346770.245452 4070392.015980
346770.324904 4070392.008304
346770.404242 4070392.000688
346770.483464 4070391.993124
346770.562569 4070391.985609
346770.641554 4070391.978136
346770.720417 4070391.970697
346770.799156 4070391.963295
346770.877772 4070391.955928
346770.956263 4070391.948588
346771.034626 4070391.941273
346771.112860 4070391.933976
346771.190965 4070391.926693
346771.268937 4070391.919418
346771.346777 4070391.912147
346771.424481 4070391.904875
346771.502063 4070391.897616
346771.579528 4070391.890382
346771.656876 4070391.883170
346771.734104 4070391.875974
346771.811212 4070391.868788
346771.888197 4070391.861608
346771.965060 4070391.854429
346772.041797 4070391.847245
346772.118409 4070391.840050
346772.194894 4070391.832841
346772.271254 4070391.825614
346772.347498 4070391.818392
346772.423625 4070391.811172
346772.499634 4070391.803947
346772.575523 4070391.796714
346772.651294 4070391.789470
346772.726944 4070391.782208
346772.802472 4070391.774925
346772.877879 4070391.767616
346772.953163 4070391.760277
346773.028323 4070391.752893
346773.103353 4070391.745474
346773.178255 4070391.738015
346773.253027 4070391.730513
346773.327669 4070391.722964
346773.402181 4070391.715365
346773.476562 4070391.707712
346773.550811 4070391.700001
346773.624930 4070391.692229
346773.698916 4070391.684393
346773.772783 4070391.676513
346773.846533 4070391.668586
346773.920167 4070391.660608
346773.993683 4070391.652574
346774.067081 4070391.644479
346774.140361 4070391.636319
346774.213524 4070391.628089
346774.286568 4070391.619785
346774.359494 4070391.611402
346774.432301 4070391.602935
346774.504995 4070391.594382
346774.577579 4070391.585773
346774.650053 4070391.577106
346774.722418 4070391.568377
346774.794673 4070391.559583
346774.866819 4070391.550720
346774.938855 4070391.541786
346775.010781 4070391.532777
346775.082599 4070391.523690
346775.154308 4070391.514522
346775.225914 4070391.505273
346775.297420 4070391.495952
346775.368826 4070391.486556
346775.440133 4070391.477083
346775.511342 4070391.467529
346775.582453 4070391.457893
346775.653466 4070391.448171
346775.724382 4070391.438360
346775.795203 4070391.428459
346775.865928 4070391.418464
346775.936555 4070391.408381
346776.007074 4070391.398215
346776.077483 4070391.387961
346776.147784 4070391.377617
346776.217978 4070391.367180
346776.288065 4070391.356648
346776.358047 4070391.346019
346776.427922 4070391.335288
346776.497694 4070391.324454
346776.567362 4070391.313515
346776.636936 4070391.302471
346776.706413 4070391.291337
346776.775794 4070391.280109
346776.845079 4070391.268786
346776.914269 4070391.257365
346776.983365 4070391.245846
346777.052366 4070391.234224
346777.121275 4070391.222500
346777.190091 4070391.210670
346777.258816 4070391.198732
346777.327455 4070391.186690
346777.395997 4070391.174554
346777.464443 4070391.162324
346777.532792 4070391.149997
346777.601046 4070391.137574
346777.669204 4070391.125052
346777.737267 4070391.112430
346777.805236 4070391.099707
346777.873112 4070391.086882
346777.940894 4070391.073953
346778.008587 4070391.060933
346778.076193 4070391.047815
346778.143714 4070391.034596
346778.211149 4070391.021276
346778.278500 4070391.007852
346778.345767 4070390.994322
346778.412952 4070390.980686
346778.480056 4070390.966940
346778.547079 4070390.953083
346778.614023 4070390.939115
346778.680893 4070390.925034
346778.747673 4070390.910851
346778.814362 4070390.896564
346778.880962 4070390.882173
346778.947473 4070390.867677
346779.013894 4070390.853074
346779.080227 4070390.838365
346779.146472 4070390.823547
346779.212630 4070390.808619
346779.278701 4070390.793582
346779.344687 4070390.778441
346779.410581 4070390.763190
346779.476384 4070390.747828
346779.542096 4070390.732355
346779.607718 4070390.716769
346779.673249 4070390.701070
346779.738692 4070390.685257
346779.804046 4070390.669329
346779.869312 4070390.653285
346779.934490 4070390.637124
346779.999585 4070390.620847
346780.064589 4070390.604463
346780.129503 4070390.587971
346780.194326 4070390.571371
346780.259060 4070390.554663
346780.323704 4070390.537846
346780.388259 4070390.520921
346780.452726 4070390.503886
346780.517105 4070390.486743
346780.581398 4070390.469490
346780.645616 4070390.452141
346780.709755 4070390.434684
346780.773812 4070390.417119
346780.837789 4070390.399444
346780.901686 4070390.381660
346780.965502 4070390.363765
346781.029238 4070390.345759
346781.092894 4070390.327641
346781.156469 4070390.309410
346781.219965 4070390.291067
346781.283382 4070390.272610
346781.346707 4070390.254038
346781.409941 4070390.235352
346781.473085 4070390.216552
346781.536137 4070390.197637
346781.599099 4070390.178607
346781.661970 4070390.159462
346781.724750 4070390.140202
346781.787440 4070390.120827
346781.850039 4070390.101337
346781.912552 4070390.081740
346781.974977 4070390.062033
346782.037315 4070390.042216
346782.099566 4070390.022288
346782.161730 4070390.002249
346782.223808 4070389.982100
346782.285800 4070389.961840
346782.347707 4070389.941468
346782.409528 4070389.920986
346782.471264 4070389.900394
346782.532923 4070389.879696
346782.594499 4070389.858895
346782.655994 4070389.837989
346782.717406 4070389.816980
346782.778737 4070389.795868
346782.839987 4070389.774652
346782.901155 4070389.753333
346782.962243 4070389.731911
346783.023251 4070389.710387
346783.084179 4070389.688760
346783.145025 4070389.667038
346783.205781 4070389.645209
346783.266447 4070389.623272
346783.327023 4070389.601229
346783.387510 4070389.579078
346783.447907 4070389.556820
346783.508216 4070389.534455
346783.568436 4070389.511982
346783.628569 4070389.489403
346783.688613 4070389.466716
346783.748577 4070389.443915
346783.808463 4070389.420998
346783.868271 4070389.397963
346783.928003 4070389.374813
346783.987659 4070389.351546
346784.047239 4070389.328165
346784.106744 4070389.304669
346784.166175 4070389.281058
346784.225533 4070389.257335
346784.284818 4070389.233499
346784.344042 4070389.209559
346784.403193 4070389.185510
346784.462272 4070389.161350
346784.521277 4070389.137080
346784.580210 4070389.112701
346784.639070 4070389.088213
346784.697858 4070389.063616
346784.756573 4070389.038911
346784.815216 4070389.014098
346784.873788 4070388.989177
346784.932290 4070388.964147
346784.990723 4070388.939011
346785.049088 4070388.913770
346785.107384 4070388.888425
346785.165613 4070388.862977
346785.223774 4070388.837427
346785.281868 4070388.811776
346785.339895 4070388.786026
346785.397856 4070388.760177
346785.455752 4070388.734232
346785.513585 4070388.708197
346785.571342 4070388.682060
346785.629023 4070388.655821
346785.686628 4070388.629481
346785.744158 4070388.603039
346785.801612 4070388.576498
346785.858992 4070388.549856
346785.916296 4070388.523116
346785.973525 4070388.496277
346786.030680 4070388.469342
346786.087764 4070388.442314
346786.144777 4070388.415191
346786.201720 4070388.387973
346786.258594 4070388.360661
346786.315398 4070388.333254
346786.372133 4070388.305754
346786.428800 4070388.278161
346786.485398 4070388.250477
346786.541929 4070388.222701
346786.598394 4070388.194835
346786.654792 4070388.166878
346786.711111 4070388.138820
346786.767353 4070388.110661
346786.823516 4070388.082403
346786.879601 4070388.054047
346786.935608 4070388.025591
346786.991537 4070387.997039
346787.047390 4070387.968389
346787.103166 4070387.939644
346787.158865 4070387.910803
346787.214497 4070387.881878
346787.270065 4070387.852873
346787.325568 4070387.823788
346787.381006 4070387.794626
346787.436380 4070387.765386
346787.491691 4070387.736069
346787.546938 4070387.706676
346787.602121 4070387.677209
346787.657242 4070387.647667
346787.712300 4070387.618053
346787.767296 4070387.588362
346787.822217 4070387.558576
346787.877062 4070387.528695
346787.931832 4070387.498719
346787.986527 4070387.468650
346788.041147 4070387.438488
346788.095692 4070387.408234
346788.150163 4070387.377889
346788.204560 4070387.347454
346788.258882 4070387.316929
346788.313130 4070387.286310
346788.367299 4070387.255597
346788.421390 4070387.224788
346788.475403 4070387.193886
346788.529339 4070387.162891
346788.583197 4070387.131805
346788.636978 4070387.100628
346788.690682 4070387.069362
346788.744311 4070387.038007
346788.797863 4070387.006566
346788.851345 4070386.975036
346788.904758 4070386.943429
346788.958103 4070386.911747
346789.011380 4070386.879991
346789.064590 4070386.848164
346789.117734 4070386.816267
346789.170812 4070386.784303
346789.223825 4070386.752274
346789.276774 4070386.720181
346789.329658 4070386.688026
346789.382473 4070386.655813
346789.435209 4070386.623517
346789.487865 4070386.591139
346789.540442 4070386.558681
346789.592941 4070386.526144
346789.645362 4070386.493529
346789.697705 4070386.460837
346789.749972 4070386.428070
346789.802164 4070386.395229
346789.854280 4070386.362315
346789.906324 4070386.329337
346789.958290 4070386.296295
346790.010178 4070386.263190
346790.061990 4070386.230023
346790.113726 4070386.196794
346790.165387 4070386.163505
346790.216972 4070386.130158
346790.268483 4070386.096753
346790.319921 4070386.063292
346790.371286 4070386.029775
346790.422577 4070385.996183
346790.473791 4070385.962514
346790.524929 4070385.928771
346790.575990 4070385.894955
346790.626976 4070385.861069
346790.677887 4070385.827115
346790.728724 4070385.793094
346790.779487 4070385.759010
346790.830178 4070385.724865
346790.880797 4070385.690660
346790.931335 4070385.656391
346790.981797 4070385.622051
346791.032184 4070385.587642
346791.082498 4070385.553166
346791.132739 4070385.518626
346791.182910 4070385.484024
346791.233011 4070385.449362
346791.283045 4070385.414642
346791.333013 4070385.379867
346791.382916 4070385.345039
346791.432760 4070385.310156
346791.482539 4070385.275214
346791.532252 4070385.240217
346791.581901 4070385.205166
346791.631487 4070385.170065
346791.681011 4070385.134916
346791.730474 4070385.099720
346791.779877 4070385.064481
346791.829222 4070385.029201
346791.878510 4070384.993882
346791.927733 4070384.958517
346791.976888 4070384.923105
346792.025976 4070384.887649
346792.074998 4070384.852151
346792.123956 4070384.816615
346792.172852 4070384.781042
346792.221686 4070384.745436
346792.270461 4070384.709800
346792.319178 4070384.674136
346792.367838 4070384.638447
346792.416434 4070384.602713
346792.464964 4070384.566924
346792.513430 4070384.531082
346792.561833 4070384.495191
346792.610177 4070384.459254
346792.658461 4070384.423273
346792.706690 4070384.387253
346792.754863 4070384.351196
346792.802984 4070384.315106
346792.851054 4070384.278984
346792.899063 4070384.242816
346792.947009 4070384.206603
346792.994893 4070384.170349
346793.042718 4070384.134057
346793.090487 4070384.097733
346793.138201 4070384.061379
346793.185862 4070384.024999
346793.233474 4070383.988598
346793.281037 4070383.952178
346793.328556 4070383.915743
346793.376032 4070383.879275
346793.423468 4070383.842772
346793.470866 4070383.806239
346793.518228 4070383.769679
346793.565556 4070383.733098
346793.612852 4070383.696499
346793.660118 4070383.659887
346793.707357 4070383.623266
346793.754570 4070383.586641
346793.801761 4070383.550014
346793.848923 4070383.513362
346793.896056 4070383.476688
346793.943162 4070383.439996
346793.990244 4070383.403293
346794.037303 4070383.366583
346794.084343 4070383.329871
346794.131365 4070383.293163
346794.178373 4070383.256464
346794.225368 4070383.219779
346794.272353 4070383.183113
346794.319325 4070383.146455
346794.366272 4070383.109800
346794.413198 4070383.073151
346794.460103 4070383.036513
346794.506991 4070382.999893
346794.553863 4070382.963294
346794.600722 4070382.926722
346794.647570 4070382.890182
346794.694408 4070382.853678
346794.741240 4070382.817215
346794.788072 4070382.780785
346794.834907 4070382.744394
346794.881748 4070382.708046
346794.928596 4070382.671749
346794.975453 4070382.635506
346795.022321 4070382.599322
346795.069202 4070382.563204
346795.116098 4070382.527156
346795.163010 4070382.491183
346795.209941 4070382.455289
346795.256888 4070382.419441
346795.303850 4070382.383636
346795.350829 4070382.347880
346795.397828 4070382.312180
346795.444847 4070382.276542
346795.491890 4070382.240971
346795.538957 4070382.205474
346795.586051 4070382.170056
346795.633174 4070382.134722
346795.680328 4070382.099480
346795.727512 4070382.064314
346795.774722 4070382.029223
346795.821961 4070381.994215
346795.869229 4070381.959296
346795.916528 4070381.924471
346795.963860 4070381.889746
346796.011226 4070381.855128
346796.058629 4070381.820621
346796.106070 4070381.786233
346796.153551 4070381.751967
346796.201074 4070381.717812
346796.248644 4070381.683768
346796.296261 4070381.649839
346796.343927 4070381.616033
346796.391645 4070381.582354
346796.439415 4070381.548809
346796.487240 4070381.515403
346796.535121 4070381.482142
346796.583060 4070381.449032
346796.631058 4070381.416077
346796.679112 4070381.383264
346796.727218 4070381.350608
346796.775377 4070381.318114
346796.823591 4070381.285789
346796.871861 4070381.253638
346796.920190 4070381.221667
346796.968579 4070381.189883
346797.017028 4070381.158290
346797.065541 4070381.126896
346797.114117 4070381.095705
346797.162764 4070381.064698
346797.211471 4070381.033871
346797.260239 4070381.003231
346797.309069 4070380.972784
346797.357962 4070380.942537
346797.406918 4070380.912494
346797.455939 4070380.882661
346797.505026 4070380.853045
346797.554179 4070380.823650
346797.603399 4070380.794483
346797.652696 4070380.765524
346797.702068 4070380.736782
346797.751515 4070380.708265
346797.801037 4070380.679978
346797.850635 4070380.651927
346797.900310 4070380.624118
346797.950061 4070380.596558
346797.999889 4070380.569253
346798.049794 4070380.542207
346798.099777 4070380.515427
346798.149843 4070380.488898
346798.199989 4070380.462618
346798.250217 4070380.436594
346798.300527 4070380.410831
346798.350917 4070380.385335
346798.401388 4070380.360111
346798.451940 4070380.335166
346798.502573 4070380.310503
346798.553287 4070380.286130
346798.604082 4070380.262050
346798.654959 4070380.238266
346798.705914 4070380.214778
346798.756948 4070380.191592
346798.808060 4070380.168710
346798.859250 4070380.146139
346798.910517 4070380.123882
346798.961862 4070380.101943
346799.013283 4070380.080327
346799.064782 4070380.059038
346799.116356 4070380.038079
346799.168010 4070380.017434
346799.219743 4070379.997107
346799.271553 4070379.977105
346799.323441 4070379.957430
346799.375406 4070379.938089
346799.427448 4070379.919084
346799.479566 4070379.900419
346799.531759 4070379.882100
346799.584027 4070379.864129
346799.636370 4070379.846510
346799.688799 4070379.829217
346799.741303 4070379.812246
346799.793881 4070379.795599
346799.846531 4070379.779281
346799.899253 4070379.763297
346799.952044 4070379.747649
346800.004903 4070379.732342
346800.057829 4070379.717379
346800.110821 4070379.702763
346800.163877 4070379.688498
346800.216995 4070379.674567
346800.270176 4070379.660980
346800.323418 4070379.647740
346800.376720 4070379.634852
346800.430079 4070379.622319
346800.483495 4070379.610145
346800.536965 4070379.598332
346800.590490 4070379.586885
346800.644066 4070379.575805
346800.697693 4070379.565098
346800.751383 4070379.554754
346800.805136 4070379.544782
346800.858950 4070379.535185
346800.912822 4070379.525967
346800.966751 4070379.517129
346801.020733 4070379.508675
346801.074768 4070379.500607
346801.128853 4070379.492928
346801.182987 4070379.485641
346801.237166 4070379.478746
346801.291397 4070379.472224
346801.345674 4070379.466080
346801.399994 4070379.460316
346801.454354 4070379.454937
346801.508752 4070379.449944
346801.563185 4070379.445340
346801.617650 4070379.441127
346801.672145 4070379.437308
346801.726668 4070379.433884
346801.781216 4070379.430858
346801.835790 4070379.428208
346801.890394 4070379.425938
346801.945026 4070379.424050
346801.999682 4070379.422545
346802.054361 4070379.421426
346802.109060 4070379.420696
346802.163776 4070379.420354
346802.218506 4070379.420405
346802.273249 4070379.420848
346802.328001 4070379.421685
346802.382784 4070379.422914
346802.437592 4070379.424529
346802.492422 4070379.426530
346802.547270 4070379.428918
346802.602133 4070379.431693
346802.657007 4070379.434856
346802.711890 4070379.438407
346802.766776 4070379.442345
346802.821664 4070379.446670
346802.876549 4070379.451383
346802.931438 4070379.456452
346802.986328 4070379.461900
346803.041215 4070379.467730
346803.096096 4070379.473942
346803.150966 4070379.480537
346803.205822 4070379.487516
346803.260661 4070379.494880
346803.315479 4070379.502630
346803.370272 4070379.510765
346803.425036 4070379.519286
346803.479796 4070379.528186
346803.534557 4070379.537472
346803.589316 4070379.547146
346803.644067 4070379.557207
346803.698807 4070379.567654
346803.753532 4070379.578489
346803.808236 4070379.589710
346803.862917 4070379.601318
346803.917569 4070379.613311
346803.972190 4070379.625690
346804.026798 4070379.638431
346804.081384 4070379.651540
346804.135943 4070379.665017
346804.190470 4070379.678861
346804.244959 4070379.693073
346804.299405 4070379.707651
346804.353804 4070379.722594
346804.408151 4070379.737902
346804.462439 4070379.753574
346804.516665 4070379.769608
346804.570852 4070379.785979
346804.625002 4070379.802699
346804.679110 4070379.819765
346804.733171 4070379.837178
346804.787178 4070379.854937
346804.841127 4070379.873040
346804.895012 4070379.891488
346804.948827 4070379.910277
346805.002568 4070379.929407
346805.056228 4070379.948877
346805.109838 4070379.968692
346805.163400 4070379.988874
346805.216909 4070380.009421
346805.270358 4070380.030332
346805.323742 4070380.051604
346805.377054 4070380.073237
346805.430288 4070380.095227
346805.483439 4070380.117573
346805.536501 4070380.140272
346805.589467 4070380.163322
346805.642363 4070380.186706
346805.695194 4070380.210443
346805.747955 4070380.234530
346805.800638 4070380.258967
346805.853238 4070380.283750
346805.905748 4070380.308879
346805.958162 4070380.334350
346806.010475 4070380.360161
346806.062680 4070380.386310
346806.114772 4070380.412794
346806.166769 4070380.439602
346806.218664 4070380.466755
346806.270449 4070380.494252
346806.322119 4070380.522089
346806.373665 4070380.550266
346806.425083 4070380.578779
346806.476365 4070380.607626
346806.527505 4070380.636805
346806.578498 4070380.666311
346806.629337 4070380.696144
346806.680066 4070380.726306
346806.730686 4070380.756826
346806.781189 4070380.787701
346806.831567 4070380.818928
346806.881814 4070380.850505
346806.931922 4070380.882428
346806.981883 4070380.914695
346807.031691 4070380.947302
346807.081338 4070380.980246
346807.130819 4070381.013523
346807.180155 4070381.047139
346807.229347 4070381.081107
346807.278385 4070381.115421
346807.327264 4070381.150079
346807.375974 4070381.185076
346807.424510 4070381.220409
346807.472863 4070381.256074
346807.521028 4070381.292066
346807.568997 4070381.328380
346807.616763 4070381.365013
346807.664349 4070381.401951
346807.711740 4070381.439205
346807.758928 4070381.476771
346807.805906 4070381.514644
346807.852666 4070381.552820
346807.899201 4070381.591295
346807.945504 4070381.630064
346807.991567 4070381.669122
346808.037383 4070381.708465
346808.082945 4070381.748088
346808.128280 4070381.788000
346808.173385 4070381.828238
346808.218252 4070381.868796
346808.262873 4070381.909671
346808.307240 4070381.950858
346808.351346 4070381.992353
346808.395184 4070382.034151
346808.438747 4070382.076247
346808.482027 4070382.118637
346808.525018 4070382.161315
346808.567746 4070382.204289
346808.610205 4070382.247574
346808.652387 4070382.291166
346808.694284 4070382.335059
346808.735890 4070382.379249
346808.777196 4070382.423729
346808.818196 4070382.468496
346808.858882 4070382.513543
346808.899247 4070382.558864
346808.939286 4070382.604455
346808.979011 4070382.650328
346809.018415 4070382.696495
346809.057490 4070382.742950
346809.096228 4070382.789689
346809.134624 4070382.836705
346809.172670 4070382.883991
346809.210360 4070382.931541
346809.247687 4070382.979349
346809.284644 4070383.027410
346809.321227 4070383.075715
346809.357446 4070383.124259
346809.393299 4070383.173054
346809.428780 4070383.222093
346809.463884 4070383.271371
346809.498605 4070383.320882
346809.532936 4070383.370620
346809.566872 4070383.420577
346809.600409 4070383.470749
346809.633540 4070383.521128
346809.666260 4070383.571708
346809.698580 4070383.622495
346809.730488 4070383.673509
346809.761981 4070383.724744
346809.793052 4070383.776193
346809.823697 4070383.827850
346809.853910 4070383.879710
346809.883687 4070383.931765
346809.913024 4070383.984008
346809.941916 4070384.036434
346809.970359 4070384.089036
346809.998361 4070384.141820
346810.025910 4070384.194804
346810.053000 4070384.247983
346810.079627 4070384.301350
346810.105787 4070384.354899
346810.131476 4070384.408622
346810.156689 4070384.462514
346810.181423 4070384.516567
346810.205674 4070384.570776
346810.229439 4070384.625133
346810.252716 4070384.679641
346810.275496 4070384.734316
346810.297776 4070384.789150
346810.319554 4070384.844136
346810.340825 4070384.899269
346810.361587 4070384.954541
346810.381837 4070385.009947
346810.401573 4070385.065478
346810.420793 4070385.121129
346810.439493 4070385.176893
346810.457687 4070385.232768
346810.475370 4070385.288748
346810.492540 4070385.344828
346810.509195 4070385.400999
346810.525333 4070385.457254
346810.540952 4070385.513588
346810.556050 4070385.569992
346810.570626 4070385.626459
346810.584678 4070385.682982
346810.598205 4070385.739553
346810.611205 4070385.796187
346810.623673 4070385.852896
346810.635610 4070385.909673
346810.647013 4070385.966511
346810.657882 4070386.023404
346810.668219 4070386.080342
346810.678021 4070386.137319
346810.687289 4070386.194327
346810.696024 4070386.251358
346810.704225 4070386.308406
346810.711899 4070386.365461
346810.719033 4070386.422545
346810.725627 4070386.479653
346810.731683 4070386.536778
346810.737199 4070386.593914
346810.742178 4070386.651055
346810.746619 4070386.708194
346810.750523 4070386.765324
346810.753892 4070386.822440
346810.756727 4070386.879535
346810.759035 4070386.936608
346810.760817 4070386.993673
346810.762074 4070387.050723
346810.762808 4070387.107754
346810.763020 4070387.164759
346810.762713 4070387.221732
346810.761889 4070387.278667
346810.760550 4070387.335558
346810.758698 4070387.392399
346810.756335 4070387.449185
346810.753462 4070387.505921
346810.750066 4070387.562613
346810.746149 4070387.619254
346810.741714 4070387.675838
346810.736764 4070387.732359
346810.731303 4070387.788810
346810.725332 4070387.845185
346810.718856 4070387.901478
346810.711878 4070387.957684
346810.704402 4070388.013794
346810.696436 4070388.069802
346810.687974 4070388.125724
346810.679020 4070388.181557
346810.669578 4070388.237294
346810.659652 4070388.292931
346810.649247 4070388.348462
346810.638365 4070388.403883
346810.627012 4070388.459188
346810.615193 4070388.514372
346810.602912 4070388.569431
346810.590177 4070388.624365
346810.576990 4070388.679193
346810.563355 4070388.733911
346810.549276 4070388.788513
346810.534759 4070388.842996
346810.519810 4070388.897355
346810.504433 4070388.951585
346810.488635 4070389.005682
346810.472421 4070389.059642
346810.455796 4070389.113461
346810.438767 4070389.167128
346810.421315 4070389.220644
346810.403446 4070389.274004
346810.385164 4070389.327205
346810.366477 4070389.380241
346810.347390 4070389.433110
346810.327908 4070389.485807
346810.308039 4070389.538328
346810.287787 4070389.590670
346810.267161 4070389.642828
346810.246175 4070389.694795
346810.224826 4070389.746598
346810.203119 4070389.798236
346810.181061 4070389.849705
346810.158659 4070389.901003
346810.135919 4070389.952127
346810.112848 4070390.003076
346810.089453 4070390.053846
346810.065740 4070390.104436
346810.041717 4070390.154843
346810.017400 4070390.205061
346809.992767 4070390.255095
346809.967823 4070390.304943
346809.942575 4070390.354604
346809.917029 4070390.404075
346809.891192 4070390.453355
346809.865070 4070390.502442
346809.838671 4070390.551335
346809.812002 4070390.600030
346809.785068 4070390.648528
346809.757884 4070390.696817
346809.730430 4070390.744918
346809.702714 4070390.792830
346809.674741 4070390.840554
346809.646518 4070390.888089
346809.618053 4070390.935434
346809.589351 4070390.982589
346809.560419 4070391.029553
346809.531266 4070391.076327
346809.501898 4070391.122910
346809.472329 4070391.169304
346809.442539 4070391.215532
346809.412533 4070391.261594
346809.382317 4070391.307492
346809.351898 4070391.353226
346809.321283 4070391.398797
346809.290478 4070391.444206
346809.259490 4070391.489452
346809.228326 4070391.534538
346809.196993 4070391.579464
346809.165507 4070391.624217
346809.133839 4070391.668789
346809.101995 4070391.713183
346809.069980 4070391.757398
346809.037800 4070391.801438
346809.005461 4070391.845302
346808.972970 4070391.888992
346808.940332 4070391.932510
346808.907555 4070391.975857
346808.874645 4070392.019034
346808.841610 4070392.062038
346808.808424 4070392.104884
346808.775094 4070392.147574
346808.741625 4070392.190111
346808.708023 4070392.232496
346808.674294 4070392.274733
346808.640443 4070392.316824
346808.606478 4070392.358771
346808.572403 4070392.400576
346808.538227 4070392.442242
346808.503958 4070392.483765
346808.469579 4070392.525156
346808.435094 4070392.566418
346808.400509 4070392.607554
346808.365830 4070392.648567
346808.331062 4070392.689461
346808.296212 4070392.730238
346808.261285 4070392.770902
346808.226288 4070392.811456
346808.191226 4070392.851904
346808.156111 4070392.892248
346808.120897 4070392.932483
346808.085588 4070392.972612
346808.050188 4070393.012638
346808.014701 4070393.052565
346807.979133 4070393.092396
346807.943487 4070393.132133
346807.907768 4070393.171781
346807.871982 4070393.211341
346807.836132 4070393.250819
346807.800228 4070393.290213
346807.764243 4070393.329518
346807.728181 4070393.368736
346807.692046 4070393.407872
346807.655841 4070393.446927
346807.619571 4070393.485905
346807.583239 4070393.524810
346807.546849 4070393.563644
346807.510406 4070393.602411
346807.473913 4070393.641115
346807.437379 4070393.679747
346807.400778 4070393.718319
346807.364113 4070393.756835
346807.327387 4070393.795300
346807.290604 4070393.833718
346807.253768 4070393.872093
346807.216881 4070393.910429
346807.179947 4070393.948730
346807.142970 4070393.987001
346807.105953 4070394.025245
346807.068901 4070394.063473
346807.031781 4070394.101674
346806.994595 4070394.139851
346806.957348 4070394.178007
346806.920040 4070394.216146
346806.882676 4070394.254272
346806.845257 4070394.292388
346806.807786 4070394.330499
346806.770266 4070394.368607
346806.732701 4070394.406716
346806.695091 4070394.444820
346806.657406 4070394.482909
346806.619647 4070394.520987
346806.581817 4070394.559057
346806.543916 4070394.597124
346806.505948 4070394.635192
346806.467914 4070394.673263
346806.429815 4070394.711341
346806.391655 4070394.749432
346806.353435 4070394.787537
346806.315162 4070394.825669
346806.276818 4070394.863813
346806.238404 4070394.901971
346806.199920 4070394.940146
346806.161368 4070394.978340
346806.122750 4070395.016558
346806.084066 4070395.054800
346806.045319 4070395.093070
346806.006509 4070395.131371
346805.967638 4070395.169706
346805.928701 4070395.208075
346805.889681 4070395.246482
346805.850580 4070395.284929
346805.811399 4070395.323420
346805.772139 4070395.361957
346805.732802 4070395.400544
346805.693389 4070395.439183
346805.653902 4070395.477878
346805.614341 4070395.516631
346805.574709 4070395.555444
346805.535004 4070395.594324
346805.495214 4070395.633260
346805.455338 4070395.672254
346805.415379 4070395.711308
346805.375338 4070395.750425
346805.335216 4070395.789608
346805.295014 4070395.828858
346805.254733 4070395.868179
346805.214375 4070395.907572
346805.173941 4070395.947039
346805.133430 4070395.986585
346805.092832 4070396.026197
346805.052146 4070396.065878
346805.011373 4070396.105629
346804.970515 4070396.145452
346804.929573 4070396.185348
346804.888547 4070396.225321
346804.847439 4070396.265371
346804.806249 4070396.305500
346804.764980 4070396.345711
346804.723624 4070396.386007
346804.682179 4070396.426380
346804.640649 4070396.466830
346804.599034 4070396.507360
346804.557336 4070396.547970
346804.515555 4070396.588662
346804.473695 4070396.629437
346804.431756 4070396.670297
346804.389739 4070396.711242
346804.347648 4070396.752275
346804.305480 4070396.793400
346804.263225 4070396.834615
346804.220883 4070396.875920
346804.178455 4070396.917316
346804.135942 4070396.958803
346804.093346 4070397.000384
346804.050667 4070397.042059
346804.007908 4070397.083828
346803.965068 4070397.125693
346803.922150 4070397.167655
346803.879150 4070397.209712
346803.836070 4070397.251844
346803.792913 4070397.294050
346803.749679 4070397.336332
346803.706370 4070397.378690
346803.662989 4070397.421123
346803.619536 4070397.463632
346803.576013 4070397.506216
346803.532423 4070397.548877
346803.488766 4070397.591614
346803.445043 4070397.634436
346803.401252 4070397.677346
346803.357393 4070397.720343
346803.313468 4070397.763427
346803.269478 4070397.806598
346803.225426 4070397.849855
346803.181313 4070397.893199
346803.137140 4070397.936629
346803.092909 4070397.980145
346803.048622 4070398.023747
346803.004278 4070398.067429
346802.959872 4070398.111185
346802.915407 4070398.155014
346802.870884 4070398.198916
346802.826303 4070398.242892
346802.781668 4070398.286940
346802.736979 4070398.331061
346802.692238 4070398.375254
346802.647447 4070398.419519
346802.602607 4070398.463855
346802.557716 4070398.508275
346802.512781 4070398.552764
346802.467804 4070398.597320
346802.422785 4070398.641941
346802.377727 4070398.686628
346802.332632 4070398.731377
346802.287502 4070398.776188
346802.242339 4070398.821059
346802.197144 4070398.865989
346802.151921 4070398.910976
346802.106673 4070398.956018
346802.061398 4070399.001117
346802.016099 4070399.046272
346801.970776 4070399.091480
346801.925432 4070399.136741
346801.880069 4070399.182054
346801.834688 4070399.227416
346801.789292 4070399.272827
346801.743881 4070399.318284
346801.698458 4070399.363787
346801.653020 4070399.409335
346801.607563 4070399.454919
346801.562090 4070399.500538
346801.516602 4070399.546190
346801.471102 4070399.591872
346801.425592 4070399.637583
346801.380073 4070399.683322
346801.334548 4070399.729085
346801.289019 4070399.774872
346801.243487 4070399.820680
346801.197958 4070399.866514
346801.152435 4070399.912378
346801.106920 4070399.958269
346801.061414 4070400.004185
346801.015921 4070400.050124
346800.970441 4070400.096084
346800.924976 4070400.142064
346800.879529 4070400.188060
346800.834101 4070400.234071
346800.788695 4070400.280095
346800.743311 4070400.326126
346800.697941 4070400.372165
346800.652588 4070400.418212
346800.607253 4070400.464264
346800.561938 4070400.510319
346800.516644 4070400.556375
346800.471374 4070400.602431
346800.426129 4070400.648486
346800.380911 4070400.694536
346800.335721 4070400.740580
346800.290568 4070400.786629
346800.245444 4070400.832685
346800.200350 4070400.878744
346800.155288 4070400.924804
346800.110258 4070400.970864
346800.065263 4070401.016921
346800.020303 4070401.062973
346799.975380 4070401.109018
346799.930494 4070401.155053
346799.885648 4070401.201076
346799.840841 4070401.247085
346799.796070 4070401.293088
346799.751335 4070401.339083
346799.706639 4070401.385066
346799.661981 4070401.431037
346799.617364 4070401.476994
346799.572787 4070401.522934
346799.528253 4070401.568855
346799.483762 4070401.614756
346799.439316 4070401.660634
346799.394917 4070401.706491
346799.350557 4070401.752322
346799.306238 4070401.798125
346799.261961 4070401.843898
346799.217726 4070401.889638
346799.173535 4070401.935343
346799.129387 4070401.981012
346799.085285 4070402.026642
346799.041227 4070402.072231
346798.997217 4070402.117777
346798.953256 4070402.163291
346798.909336 4070402.208787
346798.865459 4070402.254262
346798.821623 4070402.299714
346798.777831 4070402.345140
346798.734081 4070402.390540
346798.690374 4070402.435910
346798.646712 4070402.481248
346798.603093 4070402.526553
346798.559518 4070402.571822
346798.515988 4070402.617051
346798.472503 4070402.662242
346798.429061 4070402.707394
346798.385664 4070402.752506
346798.342311 4070402.797575
346798.299003 4070402.842601
346798.255740 4070402.887580
346798.212522 4070402.932513
346798.169350 4070402.977397
346798.126224 4070403.022231
346798.083153 4070403.067031
346798.040133 4070403.111803
346797.997162 4070403.156543
346797.954242 4070403.201251
346797.911371 4070403.245923
346797.868550 4070403.290558
346797.825777 4070403.335155
346797.783053 4070403.379710
346797.740377 4070403.424223
346797.697750 4070403.468690
346797.655173 4070403.513119
346797.612642 4070403.557507
346797.570155 4070403.601852
346797.527712 4070403.646153
346797.485312 4070403.690407
346797.442955 4070403.734612
346797.400639 4070403.778766
346797.358365 4070403.822867
346797.316132 4070403.866913
346797.273938 4070403.910902
346797.231792 4070403.954836
346797.189690 4070403.998716
346797.147629 4070404.042540
346797.105609 4070404.086307
346797.063628 4070404.130014
346797.021685 4070404.173659
346796.979779 4070404.217242
346796.937909 4070404.260759
346796.896074 4070404.304209
346796.854272 4070404.347591
346796.812508 4070404.390909
346796.770779 4070404.434173
346796.729083 4070404.477381
346796.687417 4070404.520532
346796.645781 4070404.563625
346796.604172 4070404.606657
346796.562589 4070404.649628
346796.521032 4070404.692536
346796.479497 4070404.735381
346796.437984 4070404.778160
346796.396499 4070404.820892
346796.355040 4070404.863570
346796.313606 4070404.906190
346796.272194 4070404.948753
346796.230804 4070404.991254
346796.189432 4070405.033692
346796.148077 4070405.076065
346796.106737 4070405.118371
346796.065411 4070405.160608
346796.024096 4070405.202774
346795.982794 4070405.244874
346795.941504 4070405.286917
346795.900224 4070405.328902
346795.858953 4070405.370826
346795.817688 4070405.412688
346795.776428 4070405.454488
346795.735171 4070405.496222
346795.693914 4070405.537890
346795.652656 4070405.579490
346795.611395 4070405.621022
346795.570145 4070405.662503
346795.528897 4070405.703924
346795.487648 4070405.745282
346795.446396 4070405.786574
346795.405138 4070405.827798
346795.363872 4070405.868953
346795.322595 4070405.910035
346795.281304 4070405.951043
346795.239997 4070405.991974
346795.198671 4070406.032826
346795.157331 4070406.073603
346795.115981 4070406.114303
346795.074621 4070406.154924
346795.033246 4070406.195466
346794.991854 4070406.235924
346794.950443 4070406.276298
346794.909010 4070406.316586
346794.867553 4070406.356786
346794.826069 4070406.396895
346794.784556 4070406.436913
346794.743021 4070406.476864
346794.701466 4070406.516743
346794.659886 4070406.556547
346794.618279 4070406.596274
346794.576642 4070406.635922
346794.534974 4070406.675486
346794.493270 4070406.714966
346794.451530 4070406.754358
346794.409749 4070406.793660
346794.367925 4070406.832869
346794.326067 4070406.871993
346794.284174 4070406.911028
346794.242242 4070406.949972
346794.200269 4070406.988823
346794.158252 4070407.027576
346794.116188 4070407.066231
346794.074074 4070407.104785
346794.031907 4070407.143235
346793.989685 4070407.181579
346793.947405 4070407.219814
346793.905082 4070407.257969
346793.862720 4070407.296036
346793.820318 4070407.334012
346793.777872 4070407.371895
346793.735378 4070407.409680
346793.692834 4070407.447366
346793.650238 4070407.484948
346793.607585 4070407.522423
346793.564874 4070407.559790
346793.522101 4070407.597044
346793.479273 4070407.634194
346793.436389 4070407.671230
346793.393445 4070407.708152
346793.350439 4070407.744954
346793.307367 4070407.781634
346793.264227 4070407.818188
346793.221015 4070407.854614
346793.177728 4070407.890909
346793.134364 4070407.927070
346793.090921 4070407.963094
346793.047397 4070407.999004
346793.003796 4070408.034799
346792.960115 4070408.070476
346792.916352 4070408.106030
346792.872504 4070408.141460
346792.828567 4070408.176761
346792.784541 4070408.211930
346792.740422 4070408.246964
346792.696208 4070408.281861
346792.651896 4070408.316616
346792.607486 4070408.351235
346792.562976 4070408.385705
346792.518363 4070408.420023
346792.473645 4070408.454185
346792.428821 4070408.488187
346792.383887 4070408.522028
346792.338842 4070408.555703
346792.293684 4070408.589210
346792.248410 4070408.622545
346792.203018 4070408.655705
346792.157521 4070408.688720
346792.111919 4070408.721590
346792.066208 4070408.754311
346792.020386 4070408.786881
346791.974452 4070408.819296
346791.928403 4070408.851551
346791.882237 4070408.883645
346791.835951 4070408.915573
346791.789544 4070408.947332
346791.743013 4070408.978920
346791.696355 4070409.010344
346791.649569 4070409.041589
346791.602656 4070409.072650
346791.555612 4070409.103524
346791.508436 4070409.134207
346791.461127 4070409.164696
346791.413684 4070409.194986
346791.366104 4070409.225076
346791.318386 4070409.254961
346791.270530 4070409.284638
346791.222539 4070409.314116
346791.174409 4070409.343391
346791.126139 4070409.372461
346791.077728 4070409.401320
346791.029173 4070409.429968
346790.980474 4070409.458399
346790.931629 4070409.486612
346790.882635 4070409.514603
346790.833493 4070409.542371
346790.784201 4070409.569911
346790.734762 4070409.597239
346790.685181 4070409.624352
346790.635457 4070409.651245
346790.585588 4070409.677916
346790.535574 4070409.704362
346790.485414 4070409.730579
346790.435107 4070409.756565
346790.384651 4070409.782317
346790.334047 4070409.807833
346790.283293 4070409.833109
346790.232392 4070409.858158
346790.181341 4070409.882970
346790.130138 4070409.907541
346790.078783 4070409.931868
346790.027273 4070409.955949
346789.975610 4070409.979781
346789.923791 4070410.003361
346789.871817 4070410.026686
346789.819686 4070410.049754
346789.767397 4070410.072562
346789.714953 4070410.095116
346789.662354 4070410.117416
346789.609600 4070410.139460
346789.556691 4070410.161247
346789.503626 4070410.182774
346789.450404 4070410.204039
346789.397026 4070410.225040
346789.343491 4070410.245776
346789.289799 4070410.266245
346789.235950 4070410.286446
346789.181941 4070410.306387
346789.127767 4070410.326056
346789.073428 4070410.345449
346789.018924 4070410.364563
346788.964254 4070410.383399
346788.909418 4070410.401952
346788.854417 4070410.420223
346788.799250 4070410.438208
346788.743918 4070410.455906
346788.688421 4070410.473317
346788.632763 4070410.490458
346788.576943 4070410.507327
346788.520963 4070410.523921
346788.464822 4070410.540238
346788.408521 4070410.556277
346788.352061 4070410.572037
346788.295441 4070410.587515
346788.238662 4070410.602710
346788.181725 4070410.617621
346788.124630 4070410.632246
346788.067375 4070410.646573
346788.009960 4070410.660597
346787.952385 4070410.674319
346787.894650 4070410.687737
346787.836758 4070410.700851
346787.778709 4070410.713662
346787.720504 4070410.726169
346787.662144 4070410.738373
346787.603629 4070410.750272
346787.544962 4070410.761868
346787.486159 4070410.773164
346787.427218 4070410.784145
346787.368139 4070410.794811
346787.308924 4070410.805162
346787.249572 4070410.815198
346787.190085 4070410.824919
346787.130462 4070410.834325
346787.070706 4070410.843417
346787.010816 4070410.852196
346786.950794 4070410.860660
346786.890633 4070410.868812
346786.830334 4070410.876656
346786.769897 4070410.884192
346786.709326 4070410.891421
346786.648620 4070410.898345
346786.587781 4070410.904965
346786.526811 4070410.911282
346786.465712 4070410.917298
346786.404484 4070410.923014
346786.343130 4070410.928432
346786.281661 4070410.933547
346786.220067 4070410.938341
346786.158351 4070410.942816
346786.096513 4070410.946973
346786.034554 4070410.950814
346785.972475 4070410.954341
346785.910279 4070410.957556
346785.847965 4070410.960460
346785.785536 4070410.963056
346785.722993 4070410.965345
346785.660339 4070410.967336
346785.597574 4070410.969021
346785.534699 4070410.970404
346785.471714 4070410.971485
346785.408621 4070410.972267
346785.345422 4070410.972753
346785.282117 4070410.972944
346785.218710 4070410.972843
346785.155200 4070410.972453
346785.091591 4070410.971775
346785.027882 4070410.970791
346784.964066 4070410.969500
346784.900145 4070410.967905
346784.836120 4070410.966011
346784.771993 4070410.963821
346784.707765 4070410.961338
346784.643438 4070410.958568
346784.579013 4070410.955514
346784.514493 4070410.952179
346784.449878 4070410.948568
346784.385180 4070410.944678
346784.320393 4070410.940505
346784.255518 4070410.936054
346784.190556 4070410.931331
346784.125510 4070410.926339
346784.060380 4070410.921083
346783.995167 4070410.915568
346783.929874 4070410.909799
346783.864501 4070410.903780
346783.799052 4070410.897518
346783.733524 4070410.891000
346783.667912 4070410.884211
346783.602218 4070410.877157
346783.536442 4070410.869842
346783.470587 4070410.862273
346783.404653 4070410.854454
346783.338643 4070410.846391
346783.272558 4070410.838090
346783.206400 4070410.829555
346783.140171 4070410.820793
346783.073875 4070410.811797
346783.007510 4070410.802565
346782.941078 4070410.793103
346782.874581 4070410.783418
346782.808020 4070410.773517
346782.741398 4070410.763404
346782.674715 4070410.753087
346782.607975 4070410.742572
346782.541179 4070410.731864
346782.474329 4070410.720972
346782.407424 4070410.709884
346782.340450 4070410.698586
346782.273409 4070410.687085
346782.206304 4070410.675387
346782.139134 4070410.663499
346782.071903 4070410.651428
346782.004612 4070410.639180
346781.937263 4070410.626761
346781.869857 4070410.614180
346781.802397 4070410.601442
346781.734887 4070410.588534
346781.667320 4070410.575457
346781.599698 4070410.562221
346781.532023 4070410.548831
346781.464297 4070410.535297
346781.396521 4070410.521626
346781.328697 4070410.507825
346781.260826 4070410.493902
346781.192911 4070410.479866
346781.124953 4070410.465724
346781.056954 4070410.451460
346780.988903 4070410.437053
346780.920803 4070410.422514
346780.852656 4070410.407849
346780.784463 4070410.393066
346780.716225 4070410.378173
346780.647945 4070410.363179
346780.579623 4070410.348091
346780.511263 4070410.332918
346780.442865 4070410.317667
346780.374426 4070410.302327
346780.305938 4070410.286896
346780.237402 4070410.271383
346780.168819 4070410.255796
346780.100192 4070410.240144
346780.031521 4070410.224436
346779.962808 4070410.208680
346779.894056 4070410.192885
346779.825266 4070410.177060
346779.756439 4070410.161212
346779.687566 4070410.145323
346779.618629 4070410.129373
346779.549630 4070410.113369
346779.480572 4070410.097320
346779.411455 4070410.081236
346779.342281 4070410.065124
346779.273053 4070410.048994
346779.203771 4070410.032853
346779.134437 4070410.016711
346779.065054 4070410.000575
346778.995618 4070409.984426
346778.926119 4070409.968261
346778.856561 4070409.952090
346778.786944 4070409.935922
346778.717271 4070409.919767
346778.647543 4070409.903634
346778.577761 4070409.887532
346778.507927 4070409.871471
346778.438043 4070409.855459
346778.368111 4070409.839507
346778.298136 4070409.823610
346778.228115 4070409.807751
346778.158050 4070409.791939
346778.087944 4070409.776183
346778.017796 4070409.760490
346777.947609 4070409.744871
346777.877385 4070409.729332
346777.807124 4070409.713883
346777.736829 4070409.698532
346777.666500 4070409.683288
346777.596129 4070409.668132
346777.525715 4070409.653067
346777.455261 4070409.638100
346777.384769 4070409.623242
346777.314240 4070409.608501
346777.243677 4070409.593886
346777.173082 4070409.579406
346777.102457 4070409.565070
346777.031803 4070409.550886
346776.961124 4070409.536864
346776.890412 4070409.522994
346776.819656 4070409.509253
346776.748857 4070409.495649
346776.678017 4070409.482190
346776.607139 4070409.468884
346776.536224 4070409.455739
346776.465274 4070409.442764
346776.394290 4070409.429965
346776.323275 4070409.417351
346776.252230 4070409.404929
346776.181144 4070409.392679
346776.110022 4070409.380598
346776.038867 4070409.368693
346775.967681 4070409.356974
346775.896466 4070409.345448
346775.825225 4070409.334123
346775.753960 4070409.323007
346775.682674 4070409.312108
346775.611370 4070409.301434
346775.540049 4070409.290992
346775.468711 4070409.280777
346775.397352 4070409.270787
346775.325974 4070409.261029
346775.254580 4070409.251510
346775.183171 4070409.242237
346775.111751 4070409.233218
346775.040321 4070409.224461
346774.968884 4070409.215971
346774.897441 4070409.207756
346774.825996 4070409.199824
346774.754539 4070409.192156
346774.683068 4070409.184741
346774.611585 4070409.177586
346774.540094 4070409.170699
346774.468596 4070409.164085
346774.397093 4070409.157752
346774.325589 4070409.151706
346774.254085 4070409.145954
346774.182584 4070409.140501
346774.111089 4070409.135356
346774.039587 4070409.130504
346773.968079 4070409.125939
346773.896566 4070409.121665
346773.825051 4070409.117690
346773.753537 4070409.114020
346773.682026 4070409.110660
346773.610521 4070409.107616
346773.539025 4070409.104894
346773.467540 4070409.102500
346773.396069 4070409.100438
346773.324608 4070409.098702
346773.253159 4070409.097290
346773.181723 4070409.096207
346773.110303 4070409.095459
346773.038902 4070409.095051
346772.967523 4070409.094988
346772.896168 4070409.095275
346772.824840 4070409.095916
346772.753542 4070409.096918
346772.682275 4070409.098283
346772.611030 4070409.100014
346772.539813 4070409.102103
346772.468626 4070409.104554
346772.397472 4070409.107370
346772.326355 4070409.110557
346772.255277 4070409.114116
346772.184241 4070409.118053
346772.113250 4070409.122370
346772.042308 4070409.127072
346771.971417 4070409.132160
346771.900569 4070409.137633
346771.829766 4070409.143474
346771.759009 4070409.149685
346771.688303 4070409.156268
346771.617649 4070409.163224
346771.547052 4070409.170557
346771.476513 4070409.178268
346771.406037 4070409.186358
346771.335626 4070409.194829
346771.265283 4070409.203683
346771.195005 4070409.212912
346771.124799 4070409.222530
346771.054668 4070409.232539
346770.984615 4070409.242941
346770.914643 4070409.253738
346770.844755 4070409.264932
346770.774955 4070409.276523
346770.705245 4070409.288514
346770.635628 4070409.300905
346770.566108 4070409.313697
346770.496679 4070409.326893
346770.427329 4070409.340491
346770.358059 4070409.354491
346770.288873 4070409.368893
346770.219773 4070409.383699
346770.150761 4070409.398907
346770.081841 4070409.414518
346770.013013 4070409.430533
346769.944281 4070409.446950
346769.875647 4070409.463770
346769.807107 4070409.480995
346769.738671 4070409.498622
346769.670342 4070409.516652
346769.602123 4070409.535084
346769.534016 4070409.553917
346769.466024 4070409.573150
346769.398150 4070409.592781
346769.330397 4070409.612809
346769.262766 4070409.633234
346769.195261 4070409.654052
346769.127875 4070409.675268
346769.060600 4070409.696886
346768.993441 4070409.718904
346768.926398 4070409.741320
346768.859474 4070409.764133
346768.792672 4070409.787341
346768.725994 4070409.810940
346768.659443 4070409.834930
346768.593019 4070409.859306
346768.526726 4070409.884067
346768.460559 4070409.909216
346768.394516 4070409.934746
346768.328601 4070409.960652
346768.262815 4070409.986931
346768.197160 4070410.013579
346768.131639 4070410.040594
346768.066253 4070410.067970
346768.001005 4070410.095704
346767.935896 4070410.123791
346767.870929 4070410.152228
346767.806099 4070410.181013
346767.741410 4070410.210163
346767.676865 4070410.239675
346767.612463 4070410.269545
346767.548209 4070410.299769
346767.484103 4070410.330343
346767.420147 4070410.361263
346767.356343 4070410.392525
346767.292693 4070410.424124
346767.229198 4070410.456055
346767.165854 4070410.488319
346767.102655 4070410.520918
346767.039601 4070410.553849
346766.976694 4070410.587106
346766.913935 4070410.620684
346766.851326 4070410.654579
346766.788867 4070410.688785
346766.726560 4070410.723297
346766.664406 4070410.758111
346766.602406 4070410.793220
346766.540553 4070410.828624
346766.478848 4070410.864337
346766.417295 4070410.900351
346766.355894 4070410.936663
346766.294645 4070410.973266
346766.233551 4070411.010156
346766.172613 4070411.047326
346766.111831 4070411.084771
346766.051206 4070411.122484
346765.990740 4070411.160461
346765.930428 4070411.198700
346765.870269 4070411.237209
346765.810265 4070411.275981
346765.750415 4070411.315011
346765.690721 4070411.354292
346765.631184 4070411.393819
346765.571803 4070411.433585
346765.512580 4070411.473584
346765.453514 4070411.513809
346765.394608 4070411.554253
346765.335853 4070411.594914
346765.277254 4070411.635801
346765.218811 4070411.676909
346765.160525 4070411.718231
346765.102397 4070411.759761
346765.044427 4070411.801492
346764.986616 4070411.843417
346764.928963 4070411.885530
346764.871470 4070411.927825
346764.814137 4070411.970294
346764.756965 4070412.012940
346764.699952 4070412.055779
346764.643098 4070412.098803
346764.586402 4070412.142006
346764.529865 4070412.185381
346764.473486 4070412.228921
346764.417266 4070412.272619
346764.361204 4070412.316468
346764.305299 4070412.360462
346764.249552 4070412.404592
346764.193946 4070412.448840
346764.138483 4070412.493226
346764.083162 4070412.537743
346764.027984 4070412.582385
346763.972949 4070412.627146
346763.918056 4070412.672021
346763.863306 4070412.717002
346763.808698 4070412.762084
346763.754233 4070412.807260
346763.699909 4070412.852524
346763.645732 4070412.897895
346763.591705 4070412.943388
346763.537830 4070412.988995
346763.484103 4070413.034709
346763.430526 4070413.080524
346763.377098 4070413.126433
346763.323817 4070413.172427
346763.270683 4070413.218501
346763.217696 4070413.264646
346763.164853 4070413.310856
346763.112144 4070413.357120
346763.059581 4070413.403459
346763.007164 4070413.449867
346762.954893 4070413.496339
346762.902767 4070413.542867
346762.850786 4070413.589446
346762.798951 4070413.636070
346762.747259 4070413.682732
346762.695712 4070413.729425
346762.644308 4070413.776143
346762.593040 4070413.822882
346762.541915 4070413.869666
346762.490931 4070413.916489
346762.440089 4070413.963346
346762.389387 4070414.010232
346762.338826 4070414.057141
346762.288406 4070414.104067
346762.238124 4070414.151005
346762.187982 4070414.197950
346762.137978 4070414.244895
346762.088105 4070414.291841
346762.038360 4070414.338796
346761.988742 4070414.385754
346761.939251 4070414.432710
346761.889884 4070414.479658
346761.840642 4070414.526592
346761.791523 4070414.573507
346761.742527 4070414.620397
346761.693652 4070414.667256
346761.644896 4070414.714079
346761.596255 4070414.760864
346761.547738 4070414.807634
346761.499344 4070414.854382
346761.451074 4070414.901105
346761.402926 4070414.947796
346761.354899 4070414.994452
346761.306993 4070415.041066
346761.259207 4070415.087635
346761.211538 4070415.134152
346761.163987 4070415.180613
346761.116647 4070415.226923
346761.069520 4070415.273100
346761.022603 4070415.319143
346760.975891 4070415.365051
346760.929378 4070415.410823
346760.883060 4070415.456459
346760.836932 4070415.501956
346760.790990 4070415.547315
346760.745228 4070415.592533
346760.699642 4070415.637611
346760.654217 4070415.682552
346760.608962 4070415.727384
346760.563873 4070415.772108
346760.518947 4070415.816722
346760.474179 4070415.861227
346760.429564 4070415.905621
346760.385099 4070415.949905
346760.340780 4070415.994077
346760.296602 4070416.038137
346760.252561 4070416.082084
346760.208640 4070416.125929
346760.164839 4070416.169681
346760.121153 4070416.213342
346760.077579 4070416.256909
346760.034113 4070416.300383
346759.990752 4070416.343763
346759.947491 4070416.387048
346759.904327 4070416.430236
346759.861257 4070416.473328
346759.818275 4070416.516323
346759.775369 4070416.559228
346759.732545 4070416.602068
346759.689801 4070416.644843
346759.647133 4070416.687552
346759.604539 4070416.730195
346759.562015 4070416.772772
346759.519558 4070416.815283
346759.477165 4070416.857727
346759.434832 4070416.900104
346759.392557 4070416.942413
346759.350320 4070416.984669
346759.308134 4070417.026891
346759.265995 4070417.069077
346759.223902 4070417.111228
346759.181852 4070417.153344
346759.139843 4070417.195424
346759.097872 4070417.237468
346759.055938 4070417.279476
346759.014038 4070417.321448
346758.972169 4070417.363383
346758.930322 4070417.405290
346758.888502 4070417.447181
346758.846705 4070417.489058
346758.804932 4070417.530919
346758.763178 4070417.572764
346758.721443 4070417.614594
346758.679723 4070417.656409
346758.638018 4070417.698208
346758.596325 4070417.739992
346758.554642 4070417.781760
346758.512953 4070417.823520
346758.471271 4070417.865275
346758.429595 4070417.907025
346758.387922 4070417.948770
346758.346251 4070417.990510
346758.304582 4070418.032245
346758.262913 4070418.073975
346758.221242 4070418.115699
346758.179568 4070418.157418
346758.137890 4070418.199131
346758.096207 4070418.240840
346758.054528 4070418.282551
346758.012853 4070418.324263
346757.971179 4070418.365977
346757.929506 4070418.407693
346757.887832 4070418.449411
346757.846157 4070418.491130
346757.804479 4070418.532852
346757.762796 4070418.574576
346757.721108 4070418.616302
346757.679427 4070418.658011
346757.637757 4070418.699713
346757.596095 4070418.741409
346757.554441 4070418.783100
346757.512792 4070418.824789
346757.471148 4070418.866476
346757.429505 4070418.908162
346757.387862 4070418.949850
346757.346218 4070418.991540
346757.304571 4070419.033234
346757.262940 4070419.074930
346757.221332 4070419.116629
346757.179744 4070419.158333
346757.138173 4070419.200042
346757.096618 4070419.241758
346757.055075 4070419.283483
346757.013543 4070419.325218
346756.972018 4070419.366964
346756.930498 4070419.408724
346756.888981 4070419.450498
346756.847480 4070419.492283
346756.805999 4070419.534079
346756.764535 4070419.575888
346756.723085 4070419.617712
346756.681645 4070419.659552
346756.640214 4070419.701409
346756.598789 4070419.743285
346756.557365 4070419.785182
346756.515941 4070419.827102
346756.474513 4070419.869045
346756.433095 4070419.911014
346756.391693 4070419.953004
346756.350304 4070419.995019
346756.308925 4070420.037058
346756.267551 4070420.079124
346756.226181 4070420.121218
346756.184812 4070420.163342
346756.143439 4070420.205496
346756.102060 4070420.247683
346756.060672 4070420.289904
346756.019279 4070420.332177
346755.977886 4070420.374495
346755.936489 4070420.416859
346755.895085 4070420.459270
346755.853671 4070420.501729
346755.812244 4070420.544235
346755.770801 4070420.586790
346755.729338 4070420.629394
346755.687853 4070420.672048
346755.646343 4070420.714751
346755.604813 4070420.757528
346755.563264 4070420.800376
346755.521694 4070420.843293
346755.480099 4070420.886281
346755.438477 4070420.929338
346755.396823 4070420.972464
346755.355136 4070421.015659
346755.313412 4070421.058922
