346737.555426 4070416.357967
346737.615965 4070416.295872
346737.676616 4070416.233703
346737.737377 4070416.171463
346737.798248 4070416.109156
346737.859226 4070416.046784
346737.920310 4070415.984349
346737.981499 4070415.921856
346738.042791 4070415.859308
346738.104184 4070415.796706
346738.165678 4070415.734072
346738.227273 4070415.671401
346738.288970 4070415.608695
346738.350765 4070415.545957
346738.412657 4070415.483188
346738.474644 4070415.420391
346738.536724 4070415.357567
346738.598895 4070415.294719
346738.661155 4070415.231850
346738.723501 4070415.168960
346738.785922 4070415.106042
346738.848436 4070415.043078
346738.911041 4070414.980070
346738.973738 4070414.917021
346739.036524 4070414.853931
346739.099399 4070414.790804
346739.162360 4070414.727641
346739.225408 4070414.664444
346739.288541 4070414.601215
346739.351757 4070414.537956
346739.415054 4070414.474671
346739.478434 4070414.411367
346739.541896 4070414.348044
346739.605439 4070414.284706
346739.669061 4070414.221356
346739.732760 4070414.157994
346739.796534 4070414.094624
346739.860383 4070414.031247
346739.924305 4070413.967867
346739.988297 4070413.904485
346740.052360 4070413.841101
346740.116507 4070413.777698
346740.180737 4070413.714276
346740.245049 4070413.650838
346740.309440 4070413.587386
346740.373909 4070413.523920
346740.438456 4070413.460443
346740.503077 4070413.396956
346740.567772 4070413.333461
346740.632538 4070413.269959
346740.697370 4070413.206450
346740.762270 4070413.142929
346740.827239 4070413.079399
346740.892273 4070413.015862
346740.957373 4070412.952319
346741.022535 4070412.888771
346741.087759 4070412.825221
346741.153042 4070412.761670
346741.218383 4070412.698120
346741.283781 4070412.634573
346741.349232 4070412.571031
346741.414753 4070412.507495
346741.480342 4070412.443967
346741.545999 4070412.380448
346741.611723 4070412.316939
346741.677512 4070412.253443
346741.743365 4070412.189960
346741.809282 4070412.126493
346741.875260 4070412.063043
346741.941300 4070411.999611
346742.007392 4070411.936199
346742.073541 4070411.872792
346742.139746 4070411.809393
346742.206005 4070411.746002
346742.272318 4070411.682621
346742.338683 4070411.619249
346742.405099 4070411.555890
346742.471565 4070411.492542
346742.538081 4070411.429207
346742.604644 4070411.365887
346742.671257 4070411.302579
346742.737924 4070411.239296
346742.804644 4070411.176041
346742.871414 4070411.112815
346742.938234 4070411.049620
346743.005102 4070410.986458
346743.072016 4070410.923331
346743.138975 4070410.860240
346743.205978 4070410.797187
346743.273022 4070410.734175
346743.340100 4070410.671200
346743.407217 4070410.608251
346743.474373 4070410.545327
346743.541567 4070410.482430
346743.608797 4070410.419561
346743.676063 4070410.356723
346743.743364 4070410.293915
346743.810697 4070410.231139
346743.878063 4070410.168396
346743.945460 4070410.105688
346744.012888 4070410.043019
346744.080350 4070409.980382
346744.147845 4070409.917777
346744.215371 4070409.855206
346744.282926 4070409.792669
346744.350510 4070409.730166
346744.418120 4070409.667698
346744.485756 4070409.605265
346744.553414 4070409.542868
346744.621095 4070409.480508
346744.688787 4070409.418174
346744.756507 4070409.355866
346744.824255 4070409.293586
346744.892031 4070409.231336
346744.959835 4070409.169115
346745.027665 4070409.106926
346745.095522 4070409.044769
346745.163405 4070408.982644
346745.231314 4070408.920554
346745.299247 4070408.858499
346745.367203 4070408.796474
346745.435184 4070408.734472
346745.503189 4070408.672493
346745.571217 4070408.610539
346745.639267 4070408.548610
346745.707340 4070408.486707
346745.775434 4070408.424831
346745.843549 4070408.362983
346745.911684 4070408.301163
346745.979838 4070408.239373
346746.048001 4070408.177608
346746.116186 4070408.115867
346746.184393 4070408.054150
346746.252621 4070407.992459
346746.320871 4070407.930793
346746.389142 4070407.869154
346746.457436 4070407.807542
346746.525752 4070407.745957
346746.594090 4070407.684401
346746.662449 4070407.622873
346746.730840 4070407.561379
346746.799261 4070407.499924
346746.867714 4070407.438510
346746.936196 4070407.377138
346747.004709 4070407.315807
346747.073250 4070407.254519
346747.141820 4070407.193273
346747.210418 4070407.132071
346747.279044 4070407.070913
346747.347696 4070407.009799
346747.416361 4070406.948711
346747.485053 4070406.887643
346747.553772 4070406.826596
346747.622519 4070406.765571
346747.691293 4070406.704567
346747.760095 4070406.643588
346747.828925 4070406.582632
346747.897785 4070406.521701
346747.966673 4070406.460796
346748.035591 4070406.399917
346748.104541 4070406.339062
346748.173523 4070406.278236
346748.242537 4070406.217440
346748.311584 4070406.156676
346748.380664 4070406.095944
346748.449776 4070406.035246
346748.518920 4070405.974581
346748.588098 4070405.913951
346748.657307 4070405.853357
346748.726549 4070405.792799
346748.795820 4070405.732274
346748.865125 4070405.671775
346748.934466 4070405.611303
346749.003841 4070405.550859
346749.073252 4070405.490443
346749.142700 4070405.430056
346749.212183 4070405.369698
346749.281703 4070405.309369
346749.351259 4070405.249071
346749.420853 4070405.188802
346749.490480 4070405.128555
346749.560144 4070405.068339
346749.629845 4070405.008154
346749.699584 4070404.948001
346749.769360 4070404.887883
346749.839175 4070404.827799
346749.909028 4070404.767750
346749.978919 4070404.707738
346750.048849 4070404.647763
346750.118818 4070404.587827
346750.188811 4070404.527932
346750.258827 4070404.468081
346750.328866 4070404.408272
346750.398929 4070404.348506
346750.469017 4070404.288785
346750.539129 4070404.229107
346750.609268 4070404.169475
346750.679432 4070404.109887
346750.749624 4070404.050345
346750.819842 4070403.990848
346750.890088 4070403.931372
346750.960365 4070403.871940
346751.030675 4070403.812553
346751.101018 4070403.753214
346751.171395 4070403.693925
346751.241806 4070403.634690
346751.312252 4070403.575510
346751.382734 4070403.516387
346751.453251 4070403.457324
346751.523804 4070403.398322
346751.594382 4070403.339387
346751.664984 4070403.280501
346751.735611 4070403.221667
346751.806265 4070403.162884
346751.876946 4070403.104155
346751.947655 4070403.045480
346752.018393 4070402.986859
346752.089161 4070402.928294
346752.159958 4070402.869786
346752.230787 4070402.811336
346752.301650 4070402.752921
346752.372558 4070402.694556
346752.443511 4070402.636243
346752.514510 4070402.577984
346752.585556 4070402.519781
346752.656651 4070402.461637
346752.727794 4070402.403553
346752.798987 4070402.345531
346752.870230 4070402.287574
346752.941524 4070402.229684
346753.012872 4070402.171850
346753.084275 4070402.114074
346753.155734 4070402.056358
346753.227248 4070401.998705
346753.298820 4070401.941115
346753.370448 4070401.883592
346753.442133 4070401.826137
346753.513876 4070401.768751
346753.585678 4070401.711438
346753.657537 4070401.654199
346753.729442 4070401.597028
346753.801389 4070401.539932
346753.873379 4070401.482912
346753.945414 4070401.425970
346754.017494 4070401.369108
346754.089619 4070401.312328
346754.161791 4070401.255632
346754.234010 4070401.199022
346754.306276 4070401.142500
346754.378591 4070401.086066
346754.450954 4070401.029699
346754.523372 4070400.973404
346754.595845 4070400.917184
346754.668373 4070400.861042
346754.740957 4070400.804980
346754.813598 4070400.749003
346754.886295 4070400.693111
346754.959050 4070400.637308
346755.031863 4070400.581596
346755.104734 4070400.525977
346755.177657 4070400.470469
346755.250633 4070400.415070
346755.323664 4070400.359782
346755.396750 4070400.304607
346755.469891 4070400.249546
346755.543088 4070400.194599
346755.616342 4070400.139769
346755.689653 4070400.085057
346755.763021 4070400.030462
346755.836446 4070399.975987
346755.909928 4070399.921611
346755.983474 4070399.867339
346756.057082 4070399.813171
346756.130755 4070399.759109
346756.204493 4070399.705157
346756.278295 4070399.651314
346756.352164 4070399.597582
346756.426098 4070399.543963
346756.500099 4070399.490459
346756.574166 4070399.437071
346756.648296 4070399.383793
346756.722483 4070399.330632
346756.796729 4070399.277589
346756.871033 4070399.224666
346756.945397 4070399.171863
346757.019819 4070399.119182
346757.094300 4070399.066625
346757.168841 4070399.014193
346757.243441 4070398.961886
346757.318100 4070398.909707
346757.392810 4070398.857636
346757.467579 4070398.805682
346757.542407 4070398.753845
346757.617294 4070398.702127
346757.692242 4070398.650530
346757.767251 4070398.599056
346757.842322 4070398.547706
346757.917454 4070398.496482
346757.992649 4070398.445385
346758.067907 4070398.394416
346758.143224 4070398.343561
346758.218599 4070398.292818
346758.294031 4070398.242187
346758.369521 4070398.191672
346758.445069 4070398.141273
346758.520676 4070398.090991
346758.596341 4070398.040829
346758.672065 4070397.990788
346758.747847 4070397.940867
346758.823687 4070397.891070
346758.899583 4070397.841389
346758.975544 4070397.791839
346759.051571 4070397.742421
346759.127664 4070397.693137
346759.203824 4070397.643988
346759.280050 4070397.594975
346759.356344 4070397.546101
346759.432705 4070397.497365
346759.509133 4070397.448769
346759.585629 4070397.400314
346759.662189 4070397.351972
346759.738814 4070397.303751
346759.815504 4070397.255653
346759.892260 4070397.207683
346759.969082 4070397.159840
346760.045969 4070397.112129
346760.122923 4070397.064551
346760.199943 4070397.017107
346760.277029 4070396.969801
346760.354181 4070396.922634
346760.431402 4070396.875587
346760.508701 4070396.828667
346760.586079 4070396.781877
346760.663534 4070396.735219
346760.741068 4070396.688695
346760.818681 4070396.642309
346760.896372 4070396.596063
346760.974142 4070396.549959
346761.051990 4070396.503999
346761.129917 4070396.458184
346761.207925 4070396.412495
346761.286003 4070396.366930
346761.364151 4070396.321492
346761.442368 4070396.276183
346761.520654 4070396.231006
346761.599008 4070396.185962
346761.677429 4070396.141054
346761.755916 4070396.096284
346761.834468 4070396.051654
346761.913084 4070396.007165
346761.991751 4070395.962809
346762.070482 4070395.918608
346762.149277 4070395.874563
346762.228135 4070395.830678
346762.307057 4070395.786955
346762.386043 4070395.743396
346762.465092 4070395.700005
346762.544205 4070395.656783
346762.623381 4070395.613733
346762.702620 4070395.570855
346762.781923 4070395.528126
346762.861287 4070395.485552
346762.940712 4070395.443135
346763.020197 4070395.400880
346763.099742 4070395.358787
346763.179346 4070395.316862
346763.259008 4070395.275105
346763.338727 4070395.233519
346763.418504 4070395.192108
346763.498337 4070395.150872
346763.578222 4070395.109799
346763.658163 4070395.068896
346763.738160 4070395.028166
346763.818211 4070394.987613
346763.898316 4070394.947238
346763.978475 4070394.907043
346764.058686 4070394.867032
346764.138950 4070394.827206
346764.219264 4070394.787567
346764.299629 4070394.748118
346764.380045 4070394.708830
346764.460517 4070394.669717
346764.541041 4070394.630781
346764.621617 4070394.592027
346764.702245 4070394.553457
346764.782922 4070394.515074
346764.863649 4070394.476881
346764.944423 4070394.438881
346765.025244 4070394.401075
346765.106110 4070394.363467
346765.187032 4070394.326071
346765.268023 4070394.288884
346765.349083 4070394.251907
346765.430209 4070394.215142
346765.511402 4070394.178589
346765.592658 4070394.142249
346765.673978 4070394.106123
346765.755359 4070394.070210
346765.836802 4070394.034512
346765.918303 4070393.999028
346765.999863 4070393.963737
346766.081482 4070393.928666
346766.163157 4070393.893817
346766.244888 4070393.859193
346766.326673 4070393.824794
346766.408510 4070393.790623
346766.490399 4070393.756681
346766.572336 4070393.722969
346766.654322 4070393.689489
346766.736353 4070393.656241
346766.818436 4070393.623208
346766.900583 4070393.590390
346766.982792 4070393.557788
346767.065061 4070393.525403
346767.147389 4070393.493237
346767.229774 4070393.461290
346767.312215 4070393.429564
346767.394711 4070393.398059
346767.477260 4070393.366776
346767.559860 4070393.335714
346767.642513 4070393.304888
346767.725215 4070393.274318
346767.807964 4070393.244007
346767.890758 4070393.213953
346767.973595 4070393.184157
346768.056473 4070393.154619
346768.139390 4070393.125340
346768.222345 4070393.096318
346768.305335 4070393.067554
346768.388359 4070393.039047
346768.471422 4070393.010778
346768.554518 4070392.982758
346768.637646 4070392.954988
346768.720802 4070392.927469
346768.803986 4070392.900200
346768.887193 4070392.873183
346768.970422 4070392.846417
346769.053669 4070392.819901
346769.136934 4070392.793637
346769.220212 4070392.767623
346769.303506 4070392.741867
346769.386827 4070392.716375
346769.470174 4070392.691147
346769.553544 4070392.666181
346769.636935 4070392.641476
346769.720346 4070392.617031
346769.803774 4070392.592844
346769.887218 4070392.568914
346769.970675 4070392.545240
346770.054143 4070392.521819
346770.137630 4070392.498652
346770.221134 4070392.475764
346770.304651 4070392.453154
346770.388179 4070392.430819
346770.471715 4070392.408760
346770.555258 4070392.386974
346770.638803 4070392.365460
346770.722349 4070392.344217
346770.805894 4070392.323242
346770.889433 4070392.302534
346770.972972 4070392.282085
346771.056514 4070392.261878
346771.140057 4070392.241911
346771.223597 4070392.222180
346771.307133 4070392.202683
346771.390661 4070392.183417
346771.474180 4070392.164379
346771.557688 4070392.145566
346771.641180 4070392.126973
346771.724656 4070392.108598
346771.808114 4070392.090448
346771.891552 4070392.072540
346771.974969 4070392.054870
346772.058361 4070392.037436
346772.141728 4070392.020232
346772.225065 4070392.003257
346772.308371 4070391.986506
346772.391644 4070391.969974
346772.474880 4070391.953658
346772.558079 4070391.937554
346772.641254 4070391.921673
346772.724406 4070391.906016
346772.807534 4070391.890577
346772.890635 4070391.875351
346772.973706 4070391.860334
346773.056744 4070391.845520
346773.139746 4070391.830904
346773.222709 4070391.816480
346773.305632 4070391.802243
346773.388511 4070391.788186
346773.471347 4070391.774299
346773.554146 4070391.760594
346773.636907 4070391.747068
346773.719627 4070391.733714
346773.802303 4070391.720529
346773.884933 4070391.707507
346773.967515 4070391.694642
346774.050047 4070391.681930
346774.132526 4070391.669366
346774.214950 4070391.656943
346774.297314 4070391.644684
346774.379620 4070391.632599
346774.461865 4070391.620681
346774.544048 4070391.608925
346774.626167 4070391.597323
346774.708221 4070391.585870
346774.790207 4070391.574559
346774.872125 4070391.563383
346774.953972 4070391.552336
346775.035748 4070391.541410
346775.117453 4070391.530615
346775.199090 4070391.519949
346775.280657 4070391.509404
346775.362151 4070391.498974
346775.443573 4070391.488650
346775.524920 4070391.478425
346775.606191 4070391.468292
346775.687385 4070391.458242
346775.768500 4070391.448269
346775.849535 4070391.438363
346775.930475 4070391.428526
346776.011323 4070391.418781
346776.092080 4070391.409121
346776.172744 4070391.399538
346776.253316 4070391.390026
346776.333796 4070391.380578
346776.414184 4070391.371187
346776.494479 4070391.361845
346776.574681 4070391.352546
346776.654791 4070391.343282
346776.734813 4070391.334069
346776.814745 4070391.324919
346776.894586 4070391.315826
346776.974336 4070391.306782
346777.053995 4070391.297779
346777.133563 4070391.288810
346777.213039 4070391.279868
346777.292422 4070391.270945
346777.371713 4070391.262034
346777.450912 4070391.253127
346777.530010 4070391.244227
346777.609005 4070391.235349
346777.687898 4070391.226487
346777.766690 4070391.217633
346777.845379 4070391.208782
346777.923968 4070391.199925
346778.002455 4070391.191055
346778.080842 4070391.182167
346778.159128 4070391.173253
346778.237314 4070391.164306
346778.315401 4070391.155338
346778.393400 4070391.146354
346778.471313 4070391.137345
346778.549141 4070391.128304
346778.626886 4070391.119224
346778.704547 4070391.110097
346778.782127 4070391.100916
346778.859627 4070391.091673
346778.937047 4070391.082362
346779.014390 4070391.072974
346779.091648 4070391.063527
346779.168824 4070391.054040
346779.245918 4070391.044506
346779.322931 4070391.034918
346779.399867 4070391.025269
346779.476726 4070391.015552
346779.553510 4070391.005760
346779.630221 4070390.995886
346779.706861 4070390.985923
346779.783432 4070390.975864
346779.859939 4070390.965706
346779.936388 4070390.955456
346780.012780 4070390.945111
346780.089117 4070390.934662
346780.165401 4070390.924105
346780.241634 4070390.913434
346780.317817 4070390.902641
346780.393954 4070390.891723
346780.470044 4070390.880672
346780.546092 4070390.869483
346780.622116 4070390.858167
346780.698116 4070390.846748
346780.774092 4070390.835220
346780.850044 4070390.823580
346780.925976 4070390.811822
346781.001886 4070390.799941
346781.077777 4070390.787933
346781.153650 4070390.775794
346781.229506 4070390.763517
346781.305347 4070390.751100
346781.381181 4070390.738559
346781.456998 4070390.725876
346781.532798 4070390.713044
346781.608582 4070390.700059
346781.684350 4070390.686914
346781.760101 4070390.673604
346781.835838 4070390.660122
346781.911560 4070390.646464
346781.987267 4070390.632624
346782.062962 4070390.618596
346782.138638 4070390.604388
346782.214297 4070390.590014
346782.289938 4070390.575472
346782.365563 4070390.560756
346782.441173 4070390.545862
346782.516768 4070390.530786
346782.592350 4070390.515522
346782.667920 4070390.500068
346782.743478 4070390.484419
346782.819027 4070390.468571
346782.894593 4070390.452541
346782.970169 4070390.436345
346783.045755 4070390.419979
346783.121349 4070390.403438
346783.196952 4070390.386720
346783.272562 4070390.369820
346783.348180 4070390.352736
346783.423805 4070390.335463
346783.499436 4070390.318000
346783.575074 4070390.300342
346783.650727 4070390.282505
346783.726393 4070390.264470
346783.802069 4070390.246234
346783.877756 4070390.227794
346783.953453 4070390.209144
346784.029158 4070390.190281
346784.104871 4070390.171201
346784.180592 4070390.151901
346784.256320 4070390.132376
346784.332055 4070390.112625
346784.407812 4070390.092653
346784.483585 4070390.072478
346784.559372 4070390.052095
346784.635169 4070390.031503
346784.710977 4070390.010699
346784.786794 4070389.989682
346784.862618 4070389.968448
346784.938448 4070389.946996
346785.014283 4070389.925325
346785.090120 4070389.903431
346785.165980 4070389.881335
346785.241854 4070389.859025
346785.317741 4070389.836498
346785.393639 4070389.813751
346785.469546 4070389.790782
346785.545459 4070389.767589
346785.621376 4070389.744168
346785.697296 4070389.720519
346785.773216 4070389.696639
346785.849134 4070389.672526
346785.925064 4070389.648195
346786.000991 4070389.623642
346786.076914 4070389.598863
346786.152829 4070389.573856
346786.228733 4070389.548618
346786.304624 4070389.523149
346786.380498 4070389.497446
346786.456354 4070389.471507
346786.532188 4070389.445330
346786.607997 4070389.418915
346786.683793 4070389.392273
346786.759565 4070389.365409
346786.835311 4070389.338321
346786.911026 4070389.311009
346786.986709 4070389.283471
346787.062355 4070389.255706
346787.137961 4070389.227713
346787.213525 4070389.199492
346787.289044 4070389.171042
346787.364514 4070389.142363
346787.439953 4070389.113460
346787.515355 4070389.084321
346787.590717 4070389.054946
346787.666036 4070389.025334
346787.741307 4070388.995485
346787.816527 4070388.965399
346787.891693 4070388.935074
346787.966801 4070388.904512
346788.041848 4070388.873712
346788.116831 4070388.842676
346788.191749 4070388.811398
346788.266582 4070388.779864
346788.341325 4070388.748075
346788.415976 4070388.716030
346788.490529 4070388.683730
346788.564982 4070388.651176
346788.639330 4070388.618368
346788.713570 4070388.585307
346788.787698 4070388.551994
346788.861711 4070388.518430
346788.935619 4070388.484619
346789.009413 4070388.450567
346789.083090 4070388.416276
346789.156644 4070388.381749
346789.230073 4070388.346987
346789.303372 4070388.311992
346789.376537 4070388.276768
346789.449565 4070388.241316
346789.522452 4070388.205639
346789.595193 4070388.169740
346789.667789 4070388.133631
346789.740239 4070388.097286
346789.812540 4070388.060706
346789.884689 4070388.023892
346789.956682 4070387.986847
346790.028515 4070387.949571
346790.100187 4070387.912068
346790.171693 4070387.874339
346790.243030 4070387.836386
346790.314196 4070387.798212
346790.385187 4070387.759806
346790.455997 4070387.721155
346790.526621 4070387.682262
346790.597059 4070387.643130
346790.667307 4070387.603761
346790.737362 4070387.564159
346790.807221 4070387.524327
346790.876884 4070387.484267
346790.946346 4070387.443984
346791.015606 4070387.403480
346791.084660 4070387.362739
346791.153523 4070387.321756
346791.222192 4070387.280536
346791.290667 4070387.239082
346791.358945 4070387.197401
346791.427027 4070387.155496
346791.494911 4070387.113373
346791.562595 4070387.071035
346791.630079 4070387.028489
346791.697363 4070386.985740
346791.764434 4070386.942785
346791.831287 4070386.899608
346791.897920 4070386.856212
346791.964335 4070386.812602
346792.030531 4070386.768783
346792.096507 4070386.724761
346792.162264 4070386.680540
346792.227802 4070386.636125
346792.293121 4070386.591521
346792.358221 4070386.546734
346792.423086 4070386.501755
346792.487728 4070386.456580
346792.552147 4070386.411214
346792.616345 4070386.365664
346792.680323 4070386.319935
346792.744084 4070386.274032
346792.807630 4070386.227963
346792.870961 4070386.181733
346792.934081 4070386.135349
346792.996991 4070386.088816
346793.059689 4070386.042118
346793.122177 4070385.995242
346793.184459 4070385.948194
346793.246536 4070385.900982
346793.308411 4070385.853611
346793.370087 4070385.806088
346793.431567 4070385.758421
346793.492853 4070385.710617
346793.553948 4070385.662681
346793.614855 4070385.614622
346793.675583 4070385.566421
346793.736142 4070385.518060
346793.796536 4070385.469547
346793.856767 4070385.420889
346793.916838 4070385.372094
346793.976755 4070385.323169
346794.036519 4070385.274121
346794.096134 4070385.224958
346794.155605 4070385.175687
346794.214935 4070385.126315
346794.274110 4070385.076831
346794.333131 4070385.027239
346794.392002 4070384.977549
346794.450728 4070384.927768
346794.509314 4070384.877905
346794.567765 4070384.827969
346794.626084 4070384.777967
346794.684278 4070384.727909
346794.742350 4070384.677803
346794.800307 4070384.627657
346794.858143 4070384.577441
346794.915845 4070384.527149
346794.973417 4070384.476790
346795.030865 4070384.426373
346795.088193 4070384.375909
346795.145406 4070384.325407
346795.202509 4070384.274876
346795.259507 4070384.224327
346795.316404 4070384.173768
346795.373206 4070384.123210
346795.429901 4070384.072637
346795.486486 4070384.022039
346795.542967 4070383.971425
346795.599348 4070383.920804
346795.655637 4070383.870186
346795.711837 4070383.819581
346795.767956 4070383.768999
346795.823999 4070383.718450
346795.879971 4070383.667941
346795.935879 4070383.617485
346795.991720 4070383.567053
346796.047506 4070383.516647
346796.103244 4070383.466275
346796.158940 4070383.415949
346796.214600 4070383.365680
346796.270232 4070383.315477
346796.325841 4070383.265351
346796.381435 4070383.215313
346796.437020 4070383.165372
346796.492603 4070383.115539
346796.548192 4070383.065765
346796.603765 4070383.016039
346796.659327 4070382.966375
346796.714883 4070382.916783
346796.770440 4070382.867275
346796.826001 4070382.817863
346796.881574 4070382.768559
346796.937163 4070382.719373
346796.992774 4070382.670318
346797.048411 4070382.621404
346797.104071 4070382.572614
346797.159749 4070382.523944
346797.215450 4070382.475405
346797.271181 4070382.427007
346797.326945 4070382.378763
346797.382750 4070382.330683
346797.438601 4070382.282779
346797.494503 4070382.235060
346797.550462 4070382.187539
346797.606483 4070382.140225
346797.662579 4070382.093117
346797.718737 4070382.046216
346797.774960 4070381.999532
346797.831253 4070381.953074
346797.887622 4070381.906853
346797.944069 4070381.860879
346798.000599 4070381.815162
346798.057218 4070381.769710
346798.113928 4070381.724534
346798.170736 4070381.679642
346798.227640 4070381.634990
346798.284623 4070381.590568
346798.341691 4070381.546385
346798.398847 4070381.502453
346798.456094 4070381.458782
346798.513436 4070381.415382
346798.570877 4070381.372263
346798.628420 4070381.329435
346798.686069 4070381.286907
346798.743827 4070381.244689
346798.801718 4070381.202730
346798.859728 4070381.161025
346798.917860 4070381.119585
346798.976114 4070381.078420
346799.034494 4070381.037541
346799.093000 4070380.996959
346799.151635 4070380.956684
346799.210401 4070380.916726
346799.269299 4070380.877094
346799.328331 4070380.837799
346799.387497 4070380.798837
346799.446786 4070380.760205
346799.506199 4070380.721912
346799.565736 4070380.683965
346799.625400 4070380.646374
346799.685191 4070380.609146
346799.745111 4070380.572290
346799.805161 4070380.535813
346799.865342 4070380.499723
346799.925656 4070380.464027
346799.986108 4070380.428711
346800.046681 4070380.393777
346800.107373 4070380.359232
346800.168184 4070380.325083
346800.229114 4070380.291338
346800.290163 4070380.258003
346800.351330 4070380.225084
346800.412616 4070380.192589
346800.474019 4070380.160523
346800.535541 4070380.128891
346800.597185 4070380.097636
346800.658950 4070380.066770
346800.720833 4070380.036301
346800.782835 4070380.006239
346800.844955 4070379.976590
346800.907191 4070379.947362
346800.969543 4070379.918564
346801.032009 4070379.890202
346801.094589 4070379.862283
346801.157282 4070379.834814
346801.220109 4070379.807762
346801.283053 4070379.781134
346801.346111 4070379.754938
346801.409282 4070379.729181
346801.472561 4070379.703870
346801.535946 4070379.679013
346801.599435 4070379.654615
346801.663024 4070379.630683
346801.726710 4070379.607223
346801.790491 4070379.584241
346801.854375 4070379.561740
346801.918356 4070379.539715
346801.982430 4070379.518171
346802.046593 4070379.497112
346802.110841 4070379.476543
346802.175171 4070379.456466
346802.239579 4070379.436886
346802.304061 4070379.417806
346802.368613 4070379.399227
346802.433231 4070379.381154
346802.497931 4070379.363547
346802.562707 4070379.346426
346802.627556 4070379.329793
346802.692472 4070379.313654
346802.757451 4070379.298011
346802.822489 4070379.282868
346802.887580 4070379.268229
346802.952720 4070379.254096
346803.017904 4070379.240471
346803.083127 4070379.227357
346803.148409 4070379.214701
346803.213743 4070379.202530
346803.279123 4070379.190849
346803.344545 4070379.179662
346803.410001 4070379.168975
346803.475487 4070379.158790
346803.540995 4070379.149111
346803.606522 4070379.139943
346803.672059 4070379.131287
346803.737603 4070379.123147
346803.803175 4070379.115493
346803.868780 4070379.108336
346803.934412 4070379.101680
346804.000063 4070379.095527
346804.065727 4070379.089882
346804.131399 4070379.084747
346804.197070 4070379.080124
346804.262735 4070379.076015
346804.328387 4070379.072422
346804.394020 4070379.069347
346804.459647 4070379.066771
346804.525277 4070379.064709
346804.590904 4070379.063165
346804.656521 4070379.062140
346804.722121 4070379.061634
346804.787698 4070379.061651
346804.853246 4070379.062189
346804.918758 4070379.063250
346804.984228 4070379.064834
346805.049650 4070379.066941
346805.115032 4070379.069548
346805.180372 4070379.072680
346805.245663 4070379.076338
346805.310899 4070379.080523
346805.376073 4070379.085235
346805.441179 4070379.090475
346805.506210 4070379.096240
346805.571161 4070379.102532
346805.636024 4070379.109348
346805.700795 4070379.116688
346805.765487 4070379.124526
346805.830090 4070379.132888
346805.894594 4070379.141774
346805.958993 4070379.151184
346806.023280 4070379.161119
346806.087447 4070379.171575
346806.151488 4070379.182554
346806.215394 4070379.194052
346806.279160 4070379.206068
346806.342779 4070379.218601
346806.406267 4070379.231639
346806.469635 4070379.245203
346806.532876 4070379.259289
346806.595982 4070379.273895
346806.658948 4070379.289020
346806.721765 4070379.304660
346806.784428 4070379.320813
346806.846930 4070379.337473
346806.909263 4070379.354639
346806.971423 4070379.372305
346807.033430 4070379.390434
346807.095287 4070379.409065
346807.156987 4070379.428196
346807.218523 4070379.447824
346807.279888 4070379.467948
346807.341074 4070379.488566
346807.402076 4070379.509673
346807.462887 4070379.531268
346807.523500 4070379.553346
346807.583909 4070379.575904
346807.644144 4070379.598927
346807.704214 4070379.622435
346807.764114 4070379.646427
346807.823835 4070379.670899
346807.883372 4070379.695847
346807.942717 4070379.721268
346808.001864 4070379.747157
346808.060807 4070379.773511
346808.119539 4070379.800323
346808.178054 4070379.827588
346808.236377 4070379.855294
346808.294508 4070379.883470
346808.352440 4070379.912114
346808.410166 4070379.941221
346808.467681 4070379.970787
346808.524976 4070380.000806
346808.582047 4070380.031275
346808.638888 4070380.062186
346808.695492 4070380.093535
346808.751853 4070380.125316
346808.807999 4070380.157526
346808.863921 4070380.190219
346808.919613 4070380.223393
346808.975066 4070380.257043
346809.030276 4070380.291164
346809.085235 4070380.325751
346809.139937 4070380.360800
346809.194376 4070380.396305
346809.248546 4070380.432261
346809.302441 4070380.468660
346809.356099 4070380.505482
346809.409523 4070380.542750
346809.462706 4070380.580460
346809.515641 4070380.618606
346809.568323 4070380.657183
346809.620744 4070380.696187
346809.672898 4070380.735612
346809.724781 4070380.775451
346809.776385 4070380.815699
346809.827706 4070380.856348
346809.878771 4070380.897407
346809.929567 4070380.938880
346809.980087 4070380.980759
346810.030324 4070381.023036
346810.080271 4070381.065704
346810.129924 4070381.108754
346810.179274 4070381.152179
346810.228317 4070381.195969
346810.277047 4070381.240117
346810.325459 4070381.284612
346810.373601 4070381.329441
346810.421472 4070381.374652
346810.469065 4070381.420238
346810.516372 4070381.466193
346810.563387 4070381.512508
346810.610103 4070381.559177
346810.656513 4070381.606192
346810.702612 4070381.653544
346810.748394 4070381.701226
346810.793852 4070381.749229
346810.839018 4070381.797534
346810.883865 4070381.846195
346810.928384 4070381.895206
346810.972569 4070381.944562
346811.016412 4070381.994257
346811.059906 4070382.044284
346811.103045 4070382.094638
346811.145822 4070382.145312
346811.188231 4070382.196300
346811.230267 4070382.247593
346811.271940 4070382.299204
346811.313247 4070382.351137
346811.354182 4070382.403382
346811.394739 4070382.455934
346811.434913 4070382.508782
346811.474699 4070382.561919
346811.514092 4070382.615337
346811.553086 4070382.669026
346811.591679 4070382.722977
346811.629865 4070382.777182
346811.667676 4070382.831634
346811.705100 4070382.886346
346811.742132 4070382.941310
346811.778767 4070382.996516
346811.814999 4070383.051955
346811.850824 4070383.107619
346811.886238 4070383.163497
346811.921237 4070383.219580
346811.955817 4070383.275858
346811.989975 4070383.332322
346812.023751 4070383.388986
346812.057134 4070383.445907
346812.090118 4070383.503076
346812.122699 4070383.560485
346812.154872 4070383.618124
346812.186633 4070383.675985
346812.217977 4070383.734058
346812.248902 4070383.792335
346812.279403 4070383.850806
346812.309478 4070383.909461
346812.339147 4070383.968302
346812.368383 4070384.027359
346812.397182 4070384.086623
346812.425539 4070384.146086
346812.453451 4070384.205739
346812.480914 4070384.265574
346812.507924 4070384.325581
346812.534479 4070384.385753
346812.560575 4070384.446080
346812.586211 4070384.506552
346812.611409 4070384.567163
346812.636154 4070384.627907
346812.660442 4070384.688773
346812.684270 4070384.749753
346812.707636 4070384.810836
346812.730536 4070384.872014
346812.752968 4070384.933275
346812.774931 4070384.994611
346812.796421 4070385.056011
346812.817439 4070385.117465
346812.838013 4070385.178962
346812.858122 4070385.240534
346812.877763 4070385.302172
346812.896932 4070385.363868
346812.915629 4070385.425614
346812.933850 4070385.487400
346812.951594 4070385.549218
346812.968859 4070385.611059
346812.985645 4070385.672914
346813.001950 4070385.734775
346813.017789 4070385.796631
346813.033137 4070385.858529
346813.047990 4070385.920462
346813.062347 4070385.982426
346813.076208 4070386.044412
346813.089572 4070386.106414
346813.102437 4070386.168426
346813.114804 4070386.230442
346813.126671 4070386.292454
346813.138041 4070386.354456
346813.148932 4070386.416452
346813.159316 4070386.478468
346813.169190 4070386.540500
346813.178553 4070386.602541
346813.187405 4070386.664585
346813.195745 4070386.726626
346813.203574 4070386.788658
346813.210890 4070386.850675
346813.217696 4070386.912672
346813.223991 4070386.974641
346813.229807 4070387.036580
346813.235123 4070387.098503
346813.239939 4070387.160404
346813.244253 4070387.222279
346813.248064 4070387.284121
346813.251374 4070387.345926
346813.254182 4070387.407688
346813.256489 4070387.469402
346813.258296 4070387.531063
346813.259604 4070387.592664
346813.260426 4070387.654201
346813.260749 4070387.715690
346813.260574 4070387.777126
346813.259901 4070387.838506
346813.258731 4070387.899825
346813.257067 4070387.961079
346813.254911 4070388.022261
346813.252264 4070388.083370
346813.249129 4070388.144399
346813.245508 4070388.205344
346813.241434 4070388.266201
346813.236885 4070388.326990
346813.231862 4070388.387709
346813.226368 4070388.448354
346813.220403 4070388.508920
346813.213969 4070388.569406
346813.207071 4070388.629807
346813.199709 4070388.690120
346813.191887 4070388.750342
346813.183608 4070388.810469
346813.174894 4070388.870500
346813.165723 4070388.930439
346813.156095 4070388.990283
346813.146015 4070389.050028
346813.135483 4070389.109671
346813.124504 4070389.169210
346813.113081 4070389.228640
346813.101216 4070389.287959
346813.088915 4070389.347164
346813.076181 4070389.406251
346813.063038 4070389.465213
346813.049459 4070389.524081
346813.035447 4070389.582852
346813.021005 4070389.641528
346813.006137 4070389.700105
346812.990846 4070389.758583
346812.975135 4070389.816960
346812.959010 4070389.875236
346812.942475 4070389.933410
346812.925534 4070389.991480
346812.908205 4070390.049464
346812.890454 4070390.107371
346812.872284 4070390.165200
346812.853699 4070390.222949
346812.834703 4070390.280619
346812.815299 4070390.338206
346812.795493 4070390.395711
346812.775288 4070390.453131
346812.754689 4070390.510467
346812.733703 4070390.567716
346812.712341 4070390.624855
346812.690580 4070390.681893
346812.668422 4070390.738832
346812.645872 4070390.795671
346812.622934 4070390.852412
346812.599614 4070390.909054
346812.575916 4070390.965599
346812.551846 4070391.022048
346812.527410 4070391.078400
346812.502613 4070391.134656
346812.477474 4070391.190834
346812.451966 4070391.246928
346812.426091 4070391.302939
346812.399856 4070391.358867
346812.373264 4070391.414712
346812.346323 4070391.470474
346812.319036 4070391.526152
346812.291410 4070391.581748
346812.263451 4070391.637260
346812.235165 4070391.692690
346812.206572 4070391.748031
346812.177631 4070391.803300
346812.148348 4070391.858498
346812.118726 4070391.913627
346812.088772 4070391.968689
346812.058490 4070392.023684
346812.027884 4070392.078615
346811.996961 4070392.133482
346811.965727 4070392.188288
346811.934188 4070392.243033
346811.902359 4070392.297713
346811.870213 4070392.352316
346811.837753 4070392.406842
346811.804985 4070392.461293
346811.771913 4070392.515671
346811.738543 4070392.569977
346811.704880 4070392.624212
346811.670930 4070392.678378
346811.636700 4070392.732476
346811.602194 4070392.786507
346811.567444 4070392.840474
346811.532398 4070392.894382
346811.497058 4070392.948234
346811.461426 4070393.002030
346811.425508 4070393.055774
346811.389305 4070393.109466
346811.352823 4070393.163110
346811.316064 4070393.216706
346811.279034 4070393.270257
346811.241736 4070393.323764
346811.204185 4070393.377222
346811.166349 4070393.430643
346811.128230 4070393.484031
346811.089830 4070393.537389
346811.051154 4070393.590720
346811.012204 4070393.644028
346810.972984 4070393.697315
346810.933498 4070393.750585
346810.893750 4070393.803842
346810.853744 4070393.857088
346810.813497 4070393.910336
346810.772994 4070393.963569
346810.732238 4070394.016790
346810.691234 4070394.070000
346810.649985 4070394.123203
346810.608495 4070394.176399
346810.566768 4070394.229592
346810.524809 4070394.282783
346810.482621 4070394.335974
346810.440211 4070394.389169
346810.397582 4070394.442368
346810.354703 4070394.495572
346810.311579 4070394.548782
346810.268212 4070394.602001
346810.224608 4070394.655231
346810.180768 4070394.708473
346810.136699 4070394.761731
346810.092405 4070394.815007
346810.047890 4070394.868302
346810.003159 4070394.921620
346809.958229 4070394.974955
346809.913059 4070395.028283
346809.867650 4070395.081604
346809.822006 4070395.134921
346809.776130 4070395.188235
346809.730024 4070395.241547
346809.683693 4070395.294859
346809.637138 4070395.348173
346809.590365 4070395.401489
346809.543377 4070395.454809
346809.496191 4070395.508145
346809.448787 4070395.561487
346809.401167 4070395.614835
346809.353333 4070395.668190
346809.305289 4070395.721552
346809.257037 4070395.774922
346809.208580 4070395.828300
346809.159921 4070395.881687
346809.111064 4070395.935083
346809.062013 4070395.988489
346809.012779 4070396.041905
346808.963340 4070396.095328
346808.913696 4070396.148759
346808.863852 4070396.202199
346808.813809 4070396.255648
346808.763570 4070396.309106
346808.713138 4070396.362574
346808.662517 4070396.416052
346808.611709 4070396.469542
346808.560717 4070396.523042
346808.509543 4070396.576558
346808.458157 4070396.630089
346808.406563 4070396.683638
346808.354763 4070396.737203
346808.302759 4070396.790785
346808.250555 4070396.844385
346808.198154 4070396.898003
346808.145558 4070396.951639
346808.092771 4070397.005293
346808.039797 4070397.058967
346807.986635 4070397.112676
346807.933275 4070397.166422
346807.879718 4070397.220205
346807.825970 4070397.274024
346807.772032 4070397.327878
346807.717909 4070397.381768
346807.663605 4070397.435693
346807.609123 4070397.489654
346807.554468 4070397.543649
346807.499644 4070397.597679
346807.444652 4070397.651753
346807.389476 4070397.705859
346807.334119 4070397.759995
346807.278585 4070397.814160
346807.222878 4070397.868353
346807.167002 4070397.922573
346807.110962 4070397.976818
346807.054761 4070398.031087
346806.998404 4070398.085380
346806.941895 4070398.139694
346806.885237 4070398.194040
346806.828401 4070398.248412
346806.771391 4070398.302809
346806.714211 4070398.357230
346806.656864 4070398.411672
346806.599353 4070398.466134
346806.541684 4070398.520614
346806.483859 4070398.575111
346806.425883 4070398.629623
346806.367760 4070398.684149
346806.309476 4070398.738696
346806.251024 4070398.793264
346806.192410 4070398.847850
346806.133636 4070398.902451
346806.074709 4070398.957067
346806.015633 4070399.011694
346805.956413 4070399.066331
346805.897054 4070399.120975
346805.837562 4070399.175626
346805.777941 4070399.230280
346805.718201 4070399.284947
346805.658317 4070399.339622
346805.598294 4070399.394303
346805.538136 4070399.448988
346805.477846 4070399.503675
346805.417428 4070399.558362
346805.356887 4070399.613045
346805.296227 4070399.667724
346805.235452 4070399.722396
346805.174567 4070399.777058
346805.113578 4070399.831722
346805.052472 4070399.886383
346804.991253 4070399.941038
346804.929922 4070399.995685
346804.868485 4070400.050320
346804.806946 4070400.104941
346804.745307 4070400.159545
346804.683572 4070400.214129
346804.621746 4070400.268690
346804.559833 4070400.323226
346804.497828 4070400.377744
346804.435716 4070400.432245
346804.373501 4070400.486727
346804.311186 4070400.541187
346804.248775 4070400.595623
346804.186273 4070400.650031
346804.123682 4070400.704410
346804.061008 4070400.758756
346803.998253 4070400.813068
346803.935422 4070400.867342
346803.872528 4070400.921587
346803.809561 4070400.975781
346803.746524 4070401.029921
346803.683422 4070401.084003
346803.620256 4070401.138023
346803.557030 4070401.191977
346803.493748 4070401.245861
346803.430414 4070401.299673
346803.367029 4070401.353408
346803.303598 4070401.407063
346803.240124 4070401.460641
346803.176600 4070401.514161
346803.113030 4070401.567622
346803.049417 4070401.621021
346802.985764 4070401.674355
346802.922076 4070401.727621
346802.858355 4070401.780818
346802.794605 4070401.833942
346802.730829 4070401.886992
346802.667032 4070401.939965
346802.603229 4070401.992864
346802.539410 4070402.045671
346802.475578 4070402.098382
346802.411736 4070402.150995
346802.347886 4070402.203507
346802.284031 4070402.255914
346802.220173 4070402.308213
346802.156316 4070402.360402
346802.092461 4070402.412479
346802.028612 4070402.464439
346801.964777 4070402.516281
346801.900947 4070402.568007
346801.837122 4070402.619615
346801.773306 4070402.671104
346801.709501 4070402.722470
346801.645708 4070402.773712
346801.581929 4070402.824829
346801.518168 4070402.875816
346801.454426 4070402.926674
346801.390706 4070402.977400
346801.327021 4070403.028002
346801.263363 4070403.078485
346801.199733 4070403.128848
346801.136133 4070403.179089
346801.072563 4070403.229205
346801.009026 4070403.279195
346800.945523 4070403.329057
346800.882056 4070403.378790
346800.818626 4070403.428391
346800.755235 4070403.477859
346800.691891 4070403.527205
346800.628572 4070403.576427
346800.565278 4070403.625521
346800.502008 4070403.674488
346800.438763 4070403.723324
346800.375544 4070403.772028
346800.312350 4070403.820599
346800.249183 4070403.869034
346800.186042 4070403.917333
346800.122928 4070403.965493
346800.059862 4070404.013522
346799.996833 4070404.061429
346799.933841 4070404.109211
346799.870884 4070404.156868
346799.807961 4070404.204399
346799.745072 4070404.251802
346799.682215 4070404.299076
346799.619391 4070404.346222
346799.556598 4070404.393237
346799.493835 4070404.440121
346799.431105 4070404.486888
346799.368394 4070404.533528
346799.305701 4070404.580038
346799.243025 4070404.626418
346799.180364 4070404.672666
346799.117717 4070404.718780
346799.055083 4070404.764759
346798.992461 4070404.810602
346798.929849 4070404.856308
346798.867247 4070404.901874
346798.804666 4070404.947318
346798.742103 4070404.992637
346798.679558 4070405.037829
346798.617028 4070405.082894
346798.554512 4070405.127828
346798.492009 4070405.172631
346798.429518 4070405.217302
346798.367036 4070405.261838
346798.304562 4070405.306239
346798.242096 4070405.350504
346798.179648 4070405.394654
346798.117205 4070405.438694
346798.054763 4070405.482623
346797.992321 4070405.526440
346797.929877 4070405.570142
346797.867427 4070405.613730
346797.804971 4070405.657200
346797.742505 4070405.700553
346797.680027 4070405.743787
346797.617536 4070405.786902
346797.555044 4070405.829918
346797.492533 4070405.872823
346797.429999 4070405.915614
346797.367441 4070405.958291
346797.304853 4070406.000850
346797.242233 4070406.043290
346797.179579 4070406.085608
346797.116885 4070406.127804
346797.054150 4070406.169876
346796.991370 4070406.211822
346796.928554 4070406.253659
346796.865687 4070406.295388
346796.802768 4070406.337005
346796.739790 4070406.378509
346796.676752 4070406.419897
346796.613648 4070406.461168
346796.550475 4070406.502321
346796.487230 4070406.543353
346796.423908 4070406.584264
346796.360506 4070406.625052
346796.297023 4070406.665740
346796.233459 4070406.706320
346796.169810 4070406.746791
346796.106073 4070406.787151
346796.042244 4070406.827398
346795.978320 4070406.867531
346795.914298 4070406.907546
346795.850175 4070406.947443
346795.785947 4070406.987220
346795.721612 4070407.026876
346795.657161 4070407.066419
346795.592597 4070407.105832
346795.527916 4070407.145111
346795.463115 4070407.184254
346795.398193 4070407.223261
346795.333147 4070407.262127
346795.267973 4070407.300853
346795.202671 4070407.339435
346795.137237 4070407.377873
346795.071670 4070407.416164
346795.005971 4070407.454352
346794.940142 4070407.492421
346794.874180 4070407.530368
346794.808083 4070407.568190
346794.741849 4070407.605882
346794.675476 4070407.643443
346794.608962 4070407.680868
346794.542304 4070407.718154
346794.475500 4070407.755299
346794.408550 4070407.792300
346794.341434 4070407.829180
346794.274155 4070407.865922
346794.206711 4070407.902525
346794.139103 4070407.938983
346794.071329 4070407.975293
346794.003389 4070408.011452
346793.935281 4070408.047455
346793.867006 4070408.083300
346793.798563 4070408.118983
346793.729951 4070408.154502
346793.661168 4070408.189883
346793.592230 4070408.225111
346793.523138 4070408.260181
346793.453894 4070408.295090
346793.384498 4070408.329833
346793.314950 4070408.364405
346793.245252 4070408.398802
346793.175404 4070408.433021
346793.105408 4070408.467058
346793.035263 4070408.500910
346792.964969 4070408.534592
346792.894522 4070408.568090
346792.823923 4070408.601399
346792.753174 4070408.634516
346792.682275 4070408.667435
346792.611228 4070408.700153
346792.540033 4070408.732666
346792.468694 4070408.764970
346792.397209 4070408.797062
346792.325582 4070408.828938
346792.253813 4070408.860615
346792.181898 4070408.892074
346792.109841 4070408.923311
346792.037643 4070408.954320
346791.965305 4070408.985099
346791.892828 4070409.015643
346791.820215 4070409.045947
346791.747467 4070409.076008
346791.674586 4070409.105823
346791.601574 4070409.135387
346791.528413 4070409.164704
346791.455115 4070409.193759
346791.381683 4070409.222550
346791.308120 4070409.251072
346791.234431 4070409.279322
346791.160618 4070409.307298
346791.086685 4070409.334995
346791.012636 4070409.362411
346790.938474 4070409.389544
346790.864203 4070409.416391
346790.789820 4070409.442973
346790.715320 4070409.469277
346790.640707 4070409.495298
346790.565985 4070409.521033
346790.491156 4070409.546478
346790.416226 4070409.571630
346790.341197 4070409.596485
346790.266074 4070409.621040
346790.190860 4070409.645294
346790.115559 4070409.669242
346790.040166 4070409.692893
346789.964687 4070409.716236
346789.889126 4070409.739269
346789.813489 4070409.761988
346789.737778 4070409.784392
346789.662000 4070409.806477
346789.586159 4070409.828241
346789.510258 4070409.849682
346789.434304 4070409.870798
346789.358300 4070409.891587
346789.282244 4070409.912057
346789.206128 4070409.932200
346789.129956 4070409.952016
346789.053733 4070409.971501
346788.977464 4070409.990654
346788.901153 4070410.009475
346788.824804 4070410.027961
346788.748422 4070410.046111
346788.672012 4070410.063925
346788.595577 4070410.081402
346788.519137 4070410.098529
346788.442688 4070410.115308
346788.366234 4070410.131738
346788.289779 4070410.147821
346788.213327 4070410.163557
346788.136881 4070410.178947
346788.060446 4070410.193992
346787.984024 4070410.208693
346787.907621 4070410.223051
346787.831240 4070410.237069
346787.754884 4070410.250750
346787.678544 4070410.264087
346787.602225 4070410.277079
346787.525930 4070410.289729
346787.449662 4070410.302037
346787.373425 4070410.314007
346787.297222 4070410.325639
346787.221057 4070410.336937
346787.144932 4070410.347902
346787.068852 4070410.358537
346786.992824 4070410.368848
346786.916844 4070410.378826
346786.840915 4070410.388472
346786.765039 4070410.397790
346786.689220 4070410.406782
346786.613461 4070410.415450
346786.537765 4070410.423798
346786.462134 4070410.431828
346786.386573 4070410.439544
346786.311083 4070410.446949
346786.235672 4070410.454041
346786.160320 4070410.460817
346786.085030 4070410.467278
346786.009803 4070410.473429
346785.934641 4070410.479275
346785.859547 4070410.484818
346785.784521 4070410.490063
346785.709567 4070410.495015
346785.634686 4070410.499677
346785.559879 4070410.504056
346785.485155 4070410.508142
346785.410513 4070410.511925
346785.335955 4070410.515411
346785.261480 4070410.518605
346785.187092 4070410.521512
346785.112792 4070410.524138
346785.038581 4070410.526488
346784.964460 4070410.528569
346784.890431 4070410.530386
346784.816496 4070410.531945
346784.742657 4070410.533241
346784.668901 4070410.534262
346784.595230 4070410.535014
346784.521644 4070410.535505
346784.448146 4070410.535740
346784.374735 4070410.535727
346784.301412 4070410.535472
346784.228179 4070410.534981
346784.155036 4070410.534263
346784.081985 4070410.533324
346784.009023 4070410.532170
346783.936140 4070410.530783
346783.863334 4070410.529172
346783.790607 4070410.527342
346783.717959 4070410.525301
346783.645391 4070410.523054
346783.572902 4070410.520609
346783.500493 4070410.517974
346783.428165 4070410.515155
346783.355917 4070410.512159
346783.283756 4070410.508968
346783.211667 4070410.505568
346783.139648 4070410.501966
346783.067700 4070410.498170
346782.995822 4070410.494189
346782.924012 4070410.490030
346782.852271 4070410.485702
346782.780597 4070410.481213
346782.708989 4070410.476571
346782.637448 4070410.471784
346782.565973 4070410.466841
346782.494554 4070410.461729
346782.423188 4070410.456458
346782.351874 4070410.451037
346782.280611 4070410.445474
346782.209396 4070410.439779
346782.138229 4070410.433961
346782.067107 4070410.428028
346781.996030 4070410.421991
346781.924995 4070410.415858
346781.854004 4070410.409626
346781.783050 4070410.403281
346781.712132 4070410.396831
346781.641249 4070410.390286
346781.570399 4070410.383654
346781.499579 4070410.376946
346781.428789 4070410.370169
346781.358025 4070410.363334
346781.287286 4070410.356449
346781.216570 4070410.349524
346781.145871 4070410.342536
346781.075193 4070410.335486
346781.004533 4070410.328383
346780.933890 4070410.321238
346780.863261 4070410.314063
346780.792646 4070410.306868
346780.722043 4070410.299663
346780.651450 4070410.292459
346780.580865 4070410.285267
346780.510286 4070410.278098
346780.439713 4070410.270934
346780.369138 4070410.263741
346780.298559 4070410.256530
346780.227974 4070410.249312
346780.157380 4070410.242095
346780.086777 4070410.234891
346780.016161 4070410.227709
346779.945530 4070410.220559
346779.874883 4070410.213451
346779.804216 4070410.206395
346779.733516 4070410.199379
346779.662799 4070410.192386
346779.592062 4070410.185427
346779.521306 4070410.178512
346779.450529 4070410.171651
346779.379731 4070410.164853
346779.308911 4070410.158128
346779.238067 4070410.151486
346779.167199 4070410.144936
346779.096307 4070410.138489
346779.025398 4070410.132122
346778.954475 4070410.125816
346778.883536 4070410.119579
346778.812579 4070410.113421
346778.741604 4070410.107353
346778.670609 4070410.101382
346778.599592 4070410.095518
346778.528552 4070410.089771
346778.457488 4070410.084150
346778.386398 4070410.078664
346778.315265 4070410.073301
346778.244092 4070410.068050
346778.172878 4070410.062921
346778.101624 4070410.057923
346778.030327 4070410.053064
346777.958988 4070410.048353
346777.887606 4070410.043799
346777.816181 4070410.039410
346777.744712 4070410.035194
346777.673198 4070410.031160
346777.601632 4070410.027285
346777.530013 4070410.023558
346777.458343 4070410.019986
346777.386620 4070410.016579
346777.314846 4070410.013346
346777.243018 4070410.010293
346777.171138 4070410.007430
346777.099205 4070410.004765
346777.027218 4070410.002306
346776.955177 4070410.000060
346776.883076 4070409.998011
346776.810934 4070409.996162
346776.738754 4070409.994521
346776.666535 4070409.993096
346776.594279 4070409.991896
346776.521986 4070409.990930
346776.449658 4070409.990204
346776.377296 4070409.989727
346776.304899 4070409.989507
346776.232470 4070409.989551
346776.159999 4070409.989836
346776.087496 4070409.990345
346776.014961 4070409.991085
346775.942396 4070409.992064
346775.869803 4070409.993289
346775.797184 4070409.994767
346775.724539 4070409.996504
346775.651870 4070409.998509
346775.579179 4070410.000786
346775.506467 4070410.003343
346775.433718 4070410.006154
346775.360944 4070410.009217
346775.288147 4070410.012537
346775.215331 4070410.016123
346775.142498 4070410.019981
346775.069650 4070410.024117
346774.996791 4070410.028538
346774.923923 4070410.033250
346774.851049 4070410.038259
346774.778171 4070410.043570
346774.705282 4070410.049160
346774.632392 4070410.055027
346774.559505 4070410.061176
346774.486623 4070410.067615
346774.413752 4070410.074347
346774.340893 4070410.081380
346774.268052 4070410.088719
346774.195230 4070410.096370
346774.122431 4070410.104336
346774.049659 4070410.112624
346773.976920 4070410.121223
346773.904203 4070410.130151
346773.831511 4070410.139414
346773.758846 4070410.149017
346773.686212 4070410.158965
346773.613609 4070410.169263
346773.541042 4070410.179916
346773.468512 4070410.190930
346773.396021 4070410.202308
346773.323573 4070410.214054
346773.251146 4070410.226156
346773.178745 4070410.238615
346773.106374 4070410.251434
346773.034035 4070410.264620
346772.961733 4070410.278174
346772.889470 4070410.292102
346772.817250 4070410.306406
346772.745076 4070410.321091
346772.672952 4070410.336158
346772.600881 4070410.351612
346772.528857 4070410.367429
346772.456880 4070410.383611
346772.384954 4070410.400159
346772.313082 4070410.417078
346772.241267 4070410.434371
346772.169512 4070410.452039
346772.097820 4070410.470086
346772.026194 4070410.488515
346771.954639 4070410.507326
346771.883155 4070410.526522
346771.811748 4070410.546112
346771.740418 4070410.566103
346771.669165 4070410.586494
346771.597994 4070410.607287
346771.526907 4070410.628482
346771.455906 4070410.650080
346771.384994 4070410.672081
346771.314174 4070410.694485
346771.243446 4070410.717292
346771.172815 4070410.740501
346771.102275 4070410.764100
346771.031821 4070410.788103
346770.961456 4070410.812510
346770.891183 4070410.837321
346770.821004 4070410.862536
346770.750919 4070410.888154
346770.680933 4070410.914175
346770.611046 4070410.940598
346770.541260 4070410.967422
346770.471578 4070410.994645
346770.402001 4070411.022247
346770.332532 4070411.050240
346770.263172 4070411.078624
346770.193923 4070411.107398
346770.124786 4070411.136562
346770.055763 4070411.166114
346769.986855 4070411.196053
346769.918065 4070411.226379
346769.849393 4070411.257089
346769.780841 4070411.288181
346769.712401 4070411.319654
346769.644079 4070411.351509
346769.575875 4070411.383742
346769.507792 4070411.416351
346769.439832 4070411.449334
346769.371994 4070411.482687
346769.304282 4070411.516407
346769.236697 4070411.550490
346769.169240 4070411.584932
346769.101913 4070411.619731
346769.034715 4070411.654874
346768.967643 4070411.690384
346768.900698 4070411.726261
346768.833879 4070411.762499
346768.767190 4070411.799096
346768.700629 4070411.836049
346768.634198 4070411.873353
346768.567897 4070411.911006
346768.501728 4070411.949001
346768.435690 4070411.987337
346768.369781 4070412.026006
346768.304000 4070412.065028
346768.238345 4070412.104399
346768.172819 4070412.144114
346768.107422 4070412.184170
346768.042152 4070412.224562
346767.977012 4070412.265286
346767.912001 4070412.306336
346767.847119 4070412.347708
346767.782366 4070412.389397
346767.717746 4070412.431384
346767.653256 4070412.473677
346767.588895 4070412.516273
346767.524665 4070412.559167
346767.460564 4070412.602353
346767.396591 4070412.645828
346767.332747 4070412.689585
346767.269030 4070412.733620
346767.205440 4070412.777926
346767.141975 4070412.822498
346767.078632 4070412.867344
346767.015413 4070412.912489
346766.952318 4070412.957929
346766.889345 4070413.003659
346766.826495 4070413.049671
346766.763766 4070413.095962
346766.701158 4070413.142524
346766.638670 4070413.189352
346766.576300 4070413.236438
346766.514049 4070413.283777
346766.451921 4070413.331349
346766.389914 4070413.379177
346766.328028 4070413.427258
346766.266261 4070413.475584
346766.204610 4070413.524152
346766.143074 4070413.572956
346766.081652 4070413.621991
346766.020342 4070413.671250
346765.959141 4070413.720728
346765.898049 4070413.770418
346765.837055 4070413.820315
346765.776171 4070413.870437
346765.715396 4070413.920778
346765.654728 4070413.971333
346765.594167 4070414.022097
346765.533711 4070414.073062
346765.473359 4070414.124224
346765.413109 4070414.175577
346765.352960 4070414.227113
346765.292911 4070414.278827
346765.232960 4070414.330705
346765.173094 4070414.382774
346765.113312 4070414.435028
346765.053611 4070414.487463
346764.993989 4070414.540073
346764.934444 4070414.592853
346764.874973 4070414.645797
346764.815575 4070414.698900
346764.756245 4070414.752156
346764.696983 4070414.805558
346764.637785 4070414.859104
346764.578665 4070414.912807
346764.519621 4070414.966664
346764.460651 4070415.020669
346764.401753 4070415.074815
346764.342925 4070415.129097
346764.284166 4070415.183510
346764.225472 4070415.238046
346764.166842 4070415.292700
346764.108273 4070415.347465
346764.049771 4070415.402341
346763.991341 4070415.457353
346763.932981 4070415.512497
346763.874688 4070415.567767
346763.816460 4070415.623157
346763.758294 4070415.678661
346763.700188 4070415.734275
346763.642139 4070415.789991
346763.584144 4070415.845805
346763.526201 4070415.901709
346763.468302 4070415.957698
346763.410451 4070416.013791
346763.352646 4070416.069985
346763.294885 4070416.126272
346763.237166 4070416.182648
346763.179485 4070416.239108
346763.121841 4070416.295645
346763.064232 4070416.352254
346763.006653 4070416.408930
346762.949104 4070416.465666
346762.891574 4070416.522461
346762.834070 4070416.579342
346762.776589 4070416.636303
346762.719131 4070416.693339
346762.661693 4070416.750446
346762.604273 4070416.807619
346762.546870 4070416.864852
346762.489480 4070416.922140
346762.432103 4070416.979478
346762.374736 4070417.036861
346762.317370 4070417.094291
346762.260023 4070417.151796
346762.202692 4070417.209371
346762.145378 4070417.267012
346762.088078 4070417.324714
346762.030793 4070417.382473
346761.973520 4070417.440285
346761.916258 4070417.498144
346761.859007 4070417.556045
346761.801765 4070417.613985
346761.744526 4070417.671976
346761.687299 4070417.730043
346761.630085 4070417.788183
346761.572883 4070417.846389
346761.515691 4070417.904659
346761.458510 4070417.962988
346761.401339 4070418.021371
346761.344177 4070418.079803
346761.287023 4070418.138280
346761.229876 4070418.196798
346761.172719 4070418.255351
346761.115548 4070418.313950
346761.058364 4070418.372591
346761.001167 4070418.431270
346760.943956 4070418.489984
346760.886730 4070418.548727
346760.829491 4070418.607497
346760.772236 4070418.666288
346760.714966 4070418.725097
346760.657680 4070418.783920
346760.600375 4070418.842768
346760.543074 4070418.901655
346760.485777 4070418.960577
346760.428485 4070419.019530
346760.371200 4070419.078509
346760.313921 4070419.137510
346760.256649 4070419.196528
346760.199385 4070419.255561
346760.142129 4070419.314603
346760.084883 4070419.373650
346760.027625 4070419.432713
346759.970367 4070419.491813
346759.913111 4070419.550946
346759.855857 4070419.610109
346759.798608 4070419.669298
346759.741366 4070419.728508
346759.684131 4070419.787738
346759.626907 4070419.846982
346759.569693 4070419.906238
346759.512493 4070419.965501
346759.455289 4070420.024793
346759.398084 4070420.084103
346759.340880 4070420.143424
346759.283679 4070420.202751
346759.226482 4070420.262079
346759.169293 4070420.321403
346759.112112 4070420.380718
346759.054942 4070420.440018
346758.997785 4070420.499298
346758.940642 4070420.558553
346758.883496 4070420.617799
346758.826357 4070420.677040
346758.769227 4070420.736273
346758.712111 4070420.795491
346758.655011 4070420.854689
346758.597930 4070420.913861
346758.540870 4070420.973003
346758.483835 4070421.032109
346758.426828 4070421.091174
346758.369850 4070421.150192
346758.312875 4070421.209188
346758.255905 4070421.268176
346758.198945 4070421.327150
346758.142000 4070421.386105
346758.085072 4070421.445035
346758.028165 4070421.503934
346757.971285 4070421.562798
346757.914433 4070421.621620
