346734.674912 4070419.371169
346734.729755 4070419.312669
346734.784741 4070419.254087
346734.839869 4070419.195424
346734.895138 4070419.136682
346734.950545 4070419.077862
346735.006089 4070419.018966
346735.061766 4070418.959994
346735.117575 4070418.900950
346735.173512 4070418.841835
346735.229539 4070418.782653
346735.285664 4070418.723393
346735.341888 4070418.664058
346735.398209 4070418.604649
346735.454629 4070418.545170
346735.511145 4070418.485623
346735.567756 4070418.426011
346735.624461 4070418.366337
346735.681257 4070418.306605
346735.738142 4070418.246818
346735.795109 4070418.186996
346735.852197 4070418.127100
346735.909405 4070418.067131
346735.966734 4070418.007086
346736.024184 4070417.946967
346736.081754 4070417.886771
346736.139444 4070417.826501
346736.197252 4070417.766155
346736.255177 4070417.705733
346736.313218 4070417.645238
346736.371350 4070417.584674
346736.429581 4070417.524050
346736.487910 4070417.463370
346736.546338 4070417.402634
346736.604865 4070417.341844
346736.663489 4070417.281003
346736.722211 4070417.220112
346736.781027 4070417.159176
346736.839937 4070417.098196
346736.898939 4070417.037176
346736.958027 4070416.976107
346737.017230 4070416.914952
346737.076548 4070416.853714
346737.135981 4070416.792394
346737.195527 4070416.730993
346737.255187 4070416.669512
346737.314958 4070416.607954
346737.374840 4070416.546321
346737.434830 4070416.484614
346737.494926 4070416.422836
346737.555104 4070416.361003
346737.615373 4070416.299108
346737.675733 4070416.237151
346737.736186 4070416.175132
346737.796730 4070416.113051
346737.857365 4070416.050910
346737.918090 4070415.988710
346737.978904 4070415.926450
346738.039805 4070415.864133
346738.100792 4070415.801759
346738.161862 4070415.739322
346738.223050 4070415.676821
346738.284356 4070415.614258
346738.345782 4070415.551636
346738.407327 4070415.488958
346738.468992 4070415.426225
346738.530777 4070415.363442
346738.592680 4070415.300610
346738.654701 4070415.237733
346738.716839 4070415.174815
346738.779082 4070415.111870
346738.841438 4070415.048872
346738.903907 4070414.985820
346738.966488 4070414.922714
346739.029181 4070414.859555
346739.091987 4070414.796341
346739.154903 4070414.733073
346739.217928 4070414.669750
346739.281062 4070414.606373
346739.344303 4070414.542943
346739.407644 4070414.479443
346739.471093 4070414.415902
346739.534650 4070414.352324
346739.598313 4070414.288715
346739.662080 4070414.225078
346739.725949 4070414.161419
346739.789919 4070414.097744
346739.853986 4070414.034056
346739.918149 4070413.970362
346739.982404 4070413.906666
346740.046754 4070413.842976
346740.111212 4070413.779264
346740.175774 4070413.715534
346740.240438 4070413.651789
346740.305202 4070413.588031
346740.370061 4070413.524262
346740.435013 4070413.460486
346740.500053 4070413.396705
346740.565178 4070413.332923
346740.630385 4070413.269142
346740.695659 4070413.205326
346740.761005 4070413.141465
346740.826419 4070413.077565
346740.891897 4070413.013631
346740.957436 4070412.949669
346741.023033 4070412.885683
346741.088682 4070412.821679
346741.154380 4070412.757662
346741.220122 4070412.693637
346741.285904 4070412.629609
346741.351721 4070412.565616
346741.417607 4070412.501659
346741.483560 4070412.437741
346741.549577 4070412.373862
346741.615658 4070412.310024
346741.681798 4070412.246229
346741.747998 4070412.182478
346741.814252 4070412.118773
346741.880560 4070412.055115
346741.946918 4070411.991507
346742.013305 4070411.927927
346742.079724 4070411.864364
346742.146173 4070411.800819
346742.212651 4070411.737295
346742.279157 4070411.673793
346742.345690 4070411.610317
346742.412246 4070411.546866
346742.478826 4070411.483444
346742.545426 4070411.420053
346742.612045 4070411.356693
346742.678678 4070411.293370
346742.745349 4070411.230079
346742.812056 4070411.166821
346742.878799 4070411.103597
346742.945579 4070411.040406
346743.012394 4070410.977250
346743.079243 4070410.914128
346743.146126 4070410.851041
346743.213041 4070410.787990
346743.279988 4070410.724974
346743.346970 4070410.661987
346743.413987 4070410.599044
346743.481038 4070410.536147
346743.548121 4070410.473298
346743.615234 4070410.410498
346743.682374 4070410.347749
346743.749539 4070410.285053
346743.816727 4070410.222411
346743.883935 4070410.159825
346743.951161 4070410.097296
346744.018394 4070410.034820
346744.085656 4070409.972381
346744.152949 4070409.909981
346744.220273 4070409.847619
346744.287627 4070409.785297
346744.355013 4070409.723013
346744.422429 4070409.660769
346744.489877 4070409.598564
346744.557355 4070409.536397
346744.624864 4070409.474269
346744.692401 4070409.412182
346744.759967 4070409.350145
346744.827560 4070409.288158
346744.895181 4070409.226221
346744.962830 4070409.164333
346745.030506 4070409.102496
346745.098208 4070409.040707
346745.165935 4070408.978968
346745.233688 4070408.917278
346745.301465 4070408.855635
346745.369253 4070408.794038
346745.437067 4070408.732472
346745.504905 4070408.670935
346745.572771 4070408.609426
346745.640665 4070408.547943
346745.708587 4070408.486484
346745.776540 4070408.425045
346745.844522 4070408.363627
346745.912536 4070408.302225
346745.980582 4070408.240838
346746.048668 4070408.179456
346746.116799 4070408.118094
346746.184974 4070408.056753
346746.253194 4070407.995431
346746.321457 4070407.934128
346746.389765 4070407.872843
346746.458117 4070407.811577
346746.526513 4070407.750326
346746.594951 4070407.689092
346746.663433 4070407.627872
346746.731943 4070407.566659
346746.800477 4070407.505450
346746.869034 4070407.444245
346746.937614 4070407.383044
346747.006219 4070407.321846
346747.074847 4070407.260649
346747.143498 4070407.199452
346747.212172 4070407.138255
346747.280869 4070407.077056
346747.349587 4070407.015854
346747.418332 4070406.954654
346747.487112 4070406.893498
346747.555925 4070406.832386
346747.624772 4070406.771321
346747.693651 4070406.710305
346747.762563 4070406.649339
346747.831506 4070406.588425
346747.900480 4070406.527565
346747.969483 4070406.466760
346748.038515 4070406.406013
346748.107556 4070406.345302
346748.176607 4070406.284596
346748.245667 4070406.223894
346748.314737 4070406.163198
346748.383818 4070406.102506
346748.452909 4070406.041819
346748.522010 4070405.981138
346748.591121 4070405.920461
346748.660243 4070405.859788
346748.729374 4070405.799119
346748.798512 4070405.738440
346748.867678 4070405.677777
346748.936872 4070405.617131
346749.006096 4070405.556506
346749.075351 4070405.495903
346749.144638 4070405.435325
346749.213960 4070405.374774
346749.283316 4070405.314252
346749.352707 4070405.253762
346749.422136 4070405.193304
346749.491584 4070405.132875
346749.561056 4070405.072471
346749.630555 4070405.012095
346749.700083 4070404.951749
346749.769642 4070404.891435
346749.839234 4070404.831155
346749.908862 4070404.770909
346749.978527 4070404.710700
346750.048232 4070404.650528
346750.117978 4070404.590394
346750.187783 4070404.530308
346750.257643 4070404.470276
346750.327555 4070404.410297
346750.397520 4070404.350374
346750.467535 4070404.290505
346750.537601 4070404.230693
346750.607716 4070404.170935
346750.677878 4070404.111234
346750.748086 4070404.051589
346750.818339 4070403.992000
346750.888612 4070403.932430
346750.958915 4070403.872891
346751.029250 4070403.813386
346751.099617 4070403.753920
346751.170019 4070403.694495
346751.240457 4070403.635116
346751.310930 4070403.575785
346751.381442 4070403.516505
346751.451991 4070403.457280
346751.522580 4070403.398112
346751.593212 4070403.338999
346751.663891 4070403.279938
346751.734616 4070403.220935
346751.805388 4070403.161990
346751.876206 4070403.103106
346751.947070 4070403.044285
346752.017980 4070402.985529
346752.088936 4070402.926840
346752.159937 4070402.868220
346752.230981 4070402.809668
346752.302062 4070402.751178
346752.373192 4070402.692755
346752.444371 4070402.634399
346752.515600 4070402.576114
346752.586880 4070402.517901
346752.658212 4070402.459761
346752.729597 4070402.401696
346752.801034 4070402.343707
346752.872525 4070402.285794
346752.944070 4070402.227959
346753.015663 4070402.170184
346753.087296 4070402.112478
346753.158970 4070402.054845
346753.230683 4070401.997287
346753.302435 4070401.939805
346753.374226 4070401.882403
346753.446055 4070401.825082
346753.517921 4070401.767843
346753.589823 4070401.710688
346753.661759 4070401.653618
346753.733700 4070401.596641
346753.805663 4070401.539765
346753.877651 4070401.482990
346753.949665 4070401.426317
346754.021710 4070401.369747
346754.093786 4070401.313279
346754.165896 4070401.256914
346754.238042 4070401.200650
346754.310226 4070401.144489
346754.382449 4070401.088428
346754.454712 4070401.032419
346754.527010 4070400.976457
346754.599344 4070400.920546
346754.671715 4070400.864688
346754.744123 4070400.808885
346754.816569 4070400.753141
346754.889053 4070400.697455
346754.961575 4070400.641830
346755.034134 4070400.586268
346755.106730 4070400.530768
346755.179339 4070400.475335
346755.251982 4070400.419993
346755.324662 4070400.364744
346755.397384 4070400.309590
346755.470149 4070400.254532
346755.542960 4070400.199571
346755.615821 4070400.144708
346755.688735 4070400.089944
346755.761702 4070400.035279
346755.834727 4070399.980713
346755.907814 4070399.926204
346755.980969 4070399.871769
346756.054193 4070399.817414
346756.127486 4070399.763143
346756.200850 4070399.708961
346756.274285 4070399.654870
346756.347793 4070399.600876
346756.421374 4070399.546981
346756.495028 4070399.493189
346756.568755 4070399.439502
346756.642560 4070399.385901
346756.716461 4070399.332400
346756.790459 4070399.279003
346756.864556 4070399.225714
346756.938753 4070399.172538
346757.013049 4070399.119478
346757.087446 4070399.066537
346757.161943 4070399.013720
346757.236542 4070398.961028
346757.311243 4070398.908464
346757.386018 4070398.856017
346757.460852 4070398.803683
346757.535745 4070398.751462
346757.610697 4070398.699357
346757.685710 4070398.647369
346757.760783 4070398.595498
346757.835916 4070398.543744
346757.911109 4070398.492108
346757.986362 4070398.440590
346758.061674 4070398.389188
346758.137045 4070398.337853
346758.212500 4070398.286627
346758.288040 4070398.235519
346758.363666 4070398.184533
346758.439377 4070398.133676
346758.515176 4070398.082953
346758.591062 4070398.032370
346758.667036 4070397.981930
346758.743096 4070397.931639
346758.819244 4070397.881500
346758.895467 4070397.831543
346758.971760 4070397.781775
346759.048123 4070397.732198
346759.124556 4070397.682812
346759.201060 4070397.633615
346759.277634 4070397.584608
346759.354276 4070397.535790
346759.430986 4070397.487160
346759.507764 4070397.438716
346759.584607 4070397.390457
346759.661512 4070397.342340
346759.738486 4070397.294378
346759.815527 4070397.246572
346759.892635 4070397.198926
346759.969808 4070397.151439
346760.047046 4070397.104113
346760.124346 4070397.056949
346760.201708 4070397.009947
346760.279128 4070396.963106
346760.356605 4070396.916426
346760.434126 4070396.869894
346760.511697 4070396.823531
346760.589315 4070396.777338
346760.666979 4070396.731314
346760.744689 4070396.685462
346760.822442 4070396.639781
346760.900237 4070396.594270
346760.978071 4070396.548930
346761.055942 4070396.503758
346761.133848 4070396.458753
346761.211769 4070396.413878
346761.289737 4070396.369129
346761.367751 4070396.324504
346761.445814 4070396.280003
346761.523928 4070396.235626
346761.602092 4070396.191371
346761.680308 4070396.147237
346761.758577 4070396.103222
346761.836899 4070396.059322
346761.915275 4070396.015536
346761.993698 4070395.971826
346762.072170 4070395.928247
346762.150693 4070395.884803
346762.229267 4070395.841496
346762.307892 4070395.798330
346762.386569 4070395.755307
346762.465296 4070395.712429
346762.544075 4070395.669699
346762.622904 4070395.627116
346762.701783 4070395.584683
346762.780706 4070395.542387
346762.859699 4070395.500225
346762.938764 4070395.458198
346763.017903 4070395.416306
346763.097117 4070395.374547
346763.176409 4070395.332920
346763.255779 4070395.291425
346763.335228 4070395.250059
346763.414759 4070395.208819
346763.494371 4070395.167703
346763.574057 4070395.126649
346763.653813 4070395.085706
346763.733641 4070395.044879
346763.813540 4070395.004174
346763.893511 4070394.963596
346763.973554 4070394.923150
346764.053670 4070394.882838
346764.133859 4070394.842666
346764.214120 4070394.802634
346764.294452 4070394.762747
346764.374861 4070394.722964
346764.455340 4070394.683317
346764.535887 4070394.643811
346764.616500 4070394.604453
346764.697177 4070394.565250
346764.777916 4070394.526207
346764.858714 4070394.487328
346764.939568 4070394.448619
346765.020476 4070394.410083
346765.101434 4070394.371723
346765.182442 4070394.333499
346765.263527 4070394.295431
346765.344688 4070394.257527
346765.425924 4070394.219793
346765.507234 4070394.182236
346765.588616 4070394.144862
346765.670069 4070394.107676
346765.751591 4070394.070681
346765.833181 4070394.033883
346765.914837 4070393.997284
346765.996534 4070393.960867
346766.078271 4070393.924689
346766.160048 4070393.888759
346766.241865 4070393.853085
346766.323722 4070393.817675
346766.405618 4070393.782534
346766.487553 4070393.747671
346766.569526 4070393.713091
346766.651535 4070393.678798
346766.733581 4070393.644798
346766.815663 4070393.611043
346766.897794 4070393.577511
346766.979973 4070393.544209
346767.062199 4070393.511142
346767.144473 4070393.478312
346767.226793 4070393.445723
346767.309158 4070393.413379
346767.391567 4070393.381280
346767.474019 4070393.349429
346767.556513 4070393.317825
346767.639042 4070393.286438
346767.721608 4070393.255316
346767.804209 4070393.224462
346767.886845 4070393.193883
346767.969515 4070393.163582
346768.052218 4070393.133563
346768.134951 4070393.103828
346768.217714 4070393.074380
346768.300505 4070393.045221
346768.383321 4070393.016350
346768.466167 4070392.987713
346768.549052 4070392.959325
346768.631973 4070392.931193
346768.714928 4070392.903321
346768.797917 4070392.875713
346768.880936 4070392.848373
346768.963984 4070392.821303
346769.047058 4070392.794505
346769.130157 4070392.767979
346769.213278 4070392.741725
346769.296440 4070392.715766
346769.379659 4070392.690136
346769.462929 4070392.664836
346769.546248 4070392.639862
346769.629613 4070392.615214
346769.713021 4070392.590887
346769.796467 4070392.566879
346769.879949 4070392.543185
346769.963463 4070392.519801
346770.047007 4070392.496721
346770.130578 4070392.473896
346770.214180 4070392.451360
346770.297811 4070392.429113
346770.381467 4070392.407154
346770.465145 4070392.385481
346770.548843 4070392.364092
346770.632557 4070392.342986
346770.716285 4070392.322158
346770.800023 4070392.301604
346770.883769 4070392.281320
346770.967534 4070392.261264
346771.051319 4070392.241447
346771.135122 4070392.221867
346771.218937 4070392.202521
346771.302762 4070392.183406
346771.386592 4070392.164518
346771.470424 4070392.145853
346771.554254 4070392.127403
346771.638078 4070392.109164
346771.721892 4070392.091129
346771.805700 4070392.073313
346771.889505 4070392.055769
346771.973306 4070392.038493
346772.057098 4070392.021478
346772.140879 4070392.004717
346772.224646 4070391.988204
346772.308395 4070391.971930
346772.392123 4070391.955888
346772.475829 4070391.940068
346772.559508 4070391.924462
346772.643173 4070391.909022
346772.726813 4070391.893787
346772.810424 4070391.878754
346772.894002 4070391.863918
346772.977542 4070391.849274
346773.061041 4070391.834819
346773.144494 4070391.820547
346773.227897 4070391.806452
346773.311247 4070391.792527
346773.394539 4070391.778765
346773.477777 4070391.765174
346773.560954 4070391.751795
346773.644065 4070391.738620
346773.727104 4070391.725643
346773.810068 4070391.712858
346773.892952 4070391.700259
346773.975753 4070391.687837
346774.058465 4070391.675584
346774.141085 4070391.663493
346774.223609 4070391.651554
346774.306052 4070391.639764
346774.388435 4070391.628135
346774.470753 4070391.616658
346774.553004 4070391.605325
346774.635184 4070391.594126
346774.717292 4070391.583052
346774.799324 4070391.572092
346774.881278 4070391.561237
346774.963153 4070391.550475
346775.044945 4070391.539795
346775.126666 4070391.529174
346775.208310 4070391.518659
346775.289874 4070391.508244
346775.371356 4070391.497924
346775.452753 4070391.487691
346775.534064 4070391.477540
346775.615286 4070391.467465
346775.696418 4070391.457457
346775.777458 4070391.447509
346775.858404 4070391.437615
346775.939258 4070391.427787
346776.020025 4070391.418047
346776.100703 4070391.408389
346776.181294 4070391.398804
346776.261796 4070391.389285
346776.342211 4070391.379824
346776.422539 4070391.370412
346776.502780 4070391.361041
346776.582935 4070391.351702
346776.663007 4070391.342388
346776.743026 4070391.333117
346776.822987 4070391.323942
346776.902887 4070391.314854
346776.982724 4070391.305849
346777.062497 4070391.296919
346777.142205 4070391.288058
346777.221847 4070391.279260
346777.301422 4070391.270518
346777.380930 4070391.261825
346777.460371 4070391.253177
346777.539753 4070391.244553
346777.619050 4070391.235925
346777.698260 4070391.227284
346777.777381 4070391.218622
346777.856411 4070391.209931
346777.935347 4070391.201203
346778.014189 4070391.192430
346778.092936 4070391.183603
346778.171586 4070391.174715
346778.250139 4070391.165757
346778.328587 4070391.156774
346778.406929 4070391.147797
346778.485165 4070391.138818
346778.563296 4070391.129826
346778.641323 4070391.120813
346778.719246 4070391.111769
346778.797067 4070391.102685
346778.874787 4070391.093553
346778.952409 4070391.084363
346779.029933 4070391.075107
346779.107370 4070391.065806
346779.184704 4070391.056488
346779.261936 4070391.047146
346779.339065 4070391.037772
346779.416094 4070391.028360
346779.493024 4070391.018903
346779.569854 4070391.009394
346779.646587 4070390.999827
346779.723225 4070390.990197
346779.799769 4070390.980497
346779.876194 4070390.970739
346779.952497 4070390.960889
346780.028683 4070390.950938
346780.104757 4070390.940877
346780.180725 4070390.930697
346780.256590 4070390.920390
346780.332359 4070390.909947
346780.408036 4070390.899361
346780.483627 4070390.888624
346780.559137 4070390.877728
346780.634583 4070390.866709
346780.709955 4070390.855596
346780.785256 4070390.844382
346780.860489 4070390.833059
346780.935659 4070390.821621
346781.010769 4070390.810062
346781.085823 4070390.798376
346781.160826 4070390.786557
346781.235781 4070390.774600
346781.310694 4070390.762502
346781.385552 4070390.750277
346781.460354 4070390.737902
346781.535105 4070390.725370
346781.609811 4070390.712673
346781.684478 4070390.699805
346781.759112 4070390.686762
346781.833718 4070390.673536
346781.908303 4070390.660124
346781.982872 4070390.646520
346782.057432 4070390.632720
346782.131988 4070390.618758
346782.206525 4070390.604622
346782.281048 4070390.590304
346782.355561 4070390.575796
346782.430068 4070390.561092
346782.504573 4070390.546185
346782.579082 4070390.531071
346782.653599 4070390.515743
346782.728128 4070390.500198
346782.802673 4070390.484430
346782.877226 4070390.468483
346782.951780 4070390.452362
346783.026339 4070390.436061
346783.100909 4070390.419573
346783.175494 4070390.402893
346783.250099 4070390.386018
346783.324729 4070390.368943
346783.399389 4070390.351666
346783.474084 4070390.334182
346783.548818 4070390.316491
346783.623605 4070390.298596
346783.698447 4070390.280472
346783.773346 4070390.262117
346783.848307 4070390.243527
346783.923334 4070390.224701
346783.998430 4070390.205637
346784.073598 4070390.186335
346784.148844 4070390.166793
346784.224169 4070390.147013
346784.299579 4070390.126994
346784.375111 4070390.106772
346784.450732 4070390.086310
346784.526438 4070390.065605
346784.602225 4070390.044655
346784.678091 4070390.023456
346784.754032 4070390.002005
346784.830045 4070389.980302
346784.906128 4070389.958345
346784.982276 4070389.936133
346785.058486 4070389.913668
346785.134773 4070389.890989
346785.211122 4070389.868107
346785.287529 4070389.845020
346785.363987 4070389.821728
346785.440491 4070389.798231
346785.517036 4070389.774531
346785.593616 4070389.750627
346785.670225 4070389.726524
346785.746859 4070389.702223
346785.823511 4070389.677728
346785.900168 4070389.653066
346785.976831 4070389.628181
346786.053498 4070389.603070
346786.130164 4070389.577733
346786.206826 4070389.552167
346786.283480 4070389.526373
346786.360123 4070389.500351
346786.436751 4070389.474100
346786.513360 4070389.447624
346786.589947 4070389.420923
346786.666561 4070389.394042
346786.743186 4070389.366948
346786.819812 4070389.339637
346786.896431 4070389.312107
346786.973033 4070389.284355
346787.049608 4070389.256379
346787.126147 4070389.228178
346787.202643 4070389.199753
346787.279085 4070389.171103
346787.355465 4070389.142229
346787.431794 4070389.113167
346787.508093 4070389.083896
346787.584353 4070389.054414
346787.660568 4070389.024720
346787.736731 4070388.994813
346787.812836 4070388.964692
346787.888875 4070388.934359
346787.964843 4070388.903814
346788.040734 4070388.873058
346788.116541 4070388.842096
346788.192295 4070388.810949
346788.267973 4070388.779573
346788.343566 4070388.747964
346788.419065 4070388.716121
346788.494461 4070388.684044
346788.569745 4070388.651731
346788.644908 4070388.619183
346788.719941 4070388.586401
346788.794838 4070388.553386
346788.869589 4070388.520141
346788.944224 4070388.486708
346789.018751 4070388.453064
346789.093160 4070388.419209
346789.167443 4070388.385140
346789.241590 4070388.350856
346789.315594 4070388.316357
346789.389447 4070388.281645
346789.463142 4070388.246719
346789.536671 4070388.211583
346789.610029 4070388.176237
346789.683238 4070388.140720
346789.756289 4070388.104989
346789.829175 4070388.069040
346789.901887 4070388.032871
346789.974417 4070387.996481
346790.046760 4070387.959869
346790.118908 4070387.923035
346790.190856 4070387.885979
346790.262598 4070387.848701
346790.334128 4070387.811204
346790.405467 4070387.773517
346790.476622 4070387.735587
346790.547590 4070387.697412
346790.618366 4070387.658987
346790.688946 4070387.620311
346790.759327 4070387.581380
346790.829506 4070387.542193
346790.899480 4070387.502750
346790.969249 4070387.463050
346791.038809 4070387.423094
346791.108200 4070387.382892
346791.177406 4070387.342440
346791.246425 4070387.301738
346791.315252 4070387.260786
346791.383883 4070387.219588
346791.452316 4070387.178144
346791.520549 4070387.136459
346791.588580 4070387.094535
346791.656409 4070387.052377
346791.724034 4070387.009990
346791.791461 4070386.967371
346791.858650 4070386.924492
346791.925600 4070386.881357
346791.992307 4070386.837971
346792.058769 4070386.794338
346792.124986 4070386.750464
346792.190956 4070386.706356
346792.256678 4070386.662020
346792.322153 4070386.617463
346792.387381 4070386.572694
346792.452390 4070386.527724
346792.517159 4070386.482515
346792.581688 4070386.437074
346792.645974 4070386.391405
346792.710016 4070386.345513
346792.773813 4070386.299406
346792.837365 4070386.253090
346792.900673 4070386.206572
346792.963738 4070386.159859
346793.026561 4070386.112961
346793.089150 4070386.065901
346793.151518 4070386.018663
346793.213667 4070385.971252
346793.275602 4070385.923675
346793.337327 4070385.875936
346793.398848 4070385.828043
346793.460170 4070385.780004
346793.521299 4070385.731825
346793.582242 4070385.683514
346793.643007 4070385.635081
346793.703599 4070385.586509
346793.763969 4070385.537763
346793.824119 4070385.488851
346793.884055 4070385.439782
346793.943780 4070385.390565
346794.003300 4070385.341207
346794.062620 4070385.291718
346794.121746 4070385.242108
346794.180684 4070385.192386
346794.239441 4070385.142563
346794.298024 4070385.092609
346794.356419 4070385.042501
346794.414632 4070384.992253
346794.472670 4070384.941874
346794.530539 4070384.891378
346794.588248 4070384.840776
346794.645804 4070384.790081
346794.703215 4070384.739304
346794.760490 4070384.688459
346794.817637 4070384.637558
346794.874645 4070384.586600
346794.931488 4070384.535578
346794.988174 4070384.484502
346795.044713 4070384.433387
346795.101113 4070384.382243
346795.157385 4070384.331085
346795.213539 4070384.279923
346795.269584 4070384.228772
346795.325531 4070384.177645
346795.381391 4070384.126553
346795.437145 4070384.075483
346795.492766 4070384.024407
346795.548265 4070383.973337
346795.603652 4070383.922283
346795.658939 4070383.871258
346795.714135 4070383.820273
346795.769254 4070383.769339
346795.824305 4070383.718469
346795.879301 4070383.667672
346795.934253 4070383.616962
346795.989165 4070383.566303
346796.044017 4070383.515676
346796.098820 4070383.465093
346796.153584 4070383.414565
346796.208318 4070383.364104
346796.263034 4070383.313721
346796.317741 4070383.263429
346796.372450 4070383.213237
346796.427171 4070383.163157
346796.481915 4070383.113200
346796.536703 4070383.063325
346796.591516 4070383.013519
346796.646364 4070382.963794
346796.701251 4070382.914163
346796.756186 4070382.864635
346796.811176 4070382.815224
346796.866228 4070382.765938
346796.921350 4070382.716790
346796.976548 4070382.667788
346797.031830 4070382.618943
346797.087171 4070382.570224
346797.142539 4070382.521634
346797.197941 4070382.473184
346797.253384 4070382.424884
346797.308874 4070382.376744
346797.364419 4070382.328775
346797.420024 4070382.280986
346797.475695 4070382.233386
346797.531439 4070382.185982
346797.587262 4070382.138784
346797.643152 4070382.091724
346797.699111 4070382.044824
346797.755145 4070381.998099
346797.811263 4070381.951564
346797.867470 4070381.905233
346797.923774 4070381.859118
346797.980181 4070381.813233
346798.036697 4070381.767588
346798.093328 4070381.722196
346798.150082 4070381.677067
346798.206930 4070381.632162
346798.263853 4070381.587495
346798.320858 4070381.543077
346798.377951 4070381.498921
346798.435136 4070381.455039
346798.492420 4070381.411443
346798.549807 4070381.368144
346798.607303 4070381.325149
346798.664912 4070381.282470
346798.722637 4070381.240115
346798.780470 4070381.198021
346798.838407 4070381.156186
346798.896455 4070381.114619
346798.954615 4070381.073331
346799.012893 4070381.032333
346799.071292 4070380.991631
346799.129814 4070380.951235
346799.188462 4070380.911151
346799.247239 4070380.871384
346799.306147 4070380.831940
346799.365189 4070380.792708
346799.424370 4070380.753731
346799.483690 4070380.715025
346799.543151 4070380.676605
346799.602753 4070380.638487
346799.662496 4070380.600684
346799.722380 4070380.563208
346799.782406 4070380.526070
346799.842571 4070380.489280
346799.902877 4070380.452848
346799.963299 4070380.416728
346800.023841 4070380.380976
346800.084502 4070380.345609
346800.145282 4070380.310639
346800.206181 4070380.276082
346800.267199 4070380.241949
346800.328333 4070380.208251
346800.389582 4070380.174999
346800.450946 4070380.142201
346800.512421 4070380.109865
346800.574018 4070380.077976
346800.635756 4070380.046557
346800.697634 4070380.015616
346800.759648 4070379.985159
346800.821797 4070379.955193
346800.884078 4070379.925723
346800.946486 4070379.896752
346801.009019 4070379.868282
346801.071674 4070379.840316
346801.134445 4070379.812854
346801.197319 4070379.785788
346801.260326 4070379.759156
346801.323463 4070379.732971
346801.386731 4070379.707240
346801.450129 4070379.681971
346801.513654 4070379.657172
346801.577306 4070379.632847
346801.641082 4070379.609001
346801.704981 4070379.585636
346801.769000 4070379.562754
346801.833173 4070379.540239
346801.897504 4070379.518151
346801.961987 4070379.496503
346802.026615 4070379.475310
346802.091383 4070379.454580
346802.156285 4070379.434325
346802.221315 4070379.414552
346802.286465 4070379.395269
346802.351730 4070379.376480
346802.417103 4070379.358189
346802.482572 4070379.340377
346802.548120 4070379.323102
346802.613738 4070379.306370
346802.679419 4070379.290189
346802.745154 4070379.274562
346802.810935 4070379.259493
346802.876754 4070379.244983
346802.942603 4070379.231032
346803.008471 4070379.217640
346803.074351 4070379.204804
346803.140245 4070379.192479
346803.206179 4070379.180705
346803.272145 4070379.169485
346803.338136 4070379.158819
346803.404145 4070379.148706
346803.470165 4070379.139143
346803.536189 4070379.130128
346803.602208 4070379.121654
346803.668216 4070379.113715
346803.734204 4070379.106303
346803.800177 4070379.099285
346803.866146 4070379.092746
346803.932104 4070379.086694
346803.998043 4070379.081136
346804.063957 4070379.076078
346804.129839 4070379.071523
346804.195681 4070379.067474
346804.261475 4070379.063932
346804.327216 4070379.060897
346804.392895 4070379.058365
346804.458548 4070379.056259
346804.524199 4070379.054635
346804.589841 4070379.053498
346804.655464 4070379.052853
346804.721063 4070379.052704
346804.786628 4070379.053051
346804.852153 4070379.053894
346804.917630 4070379.055233
346804.983052 4070379.057064
346805.048412 4070379.059382
346805.113726 4070379.062176
346805.179001 4070379.065515
346805.244230 4070379.069397
346805.309405 4070379.073819
346805.374520 4070379.078776
346805.439567 4070379.084264
346805.504540 4070379.090275
346805.569432 4070379.096800
346805.634238 4070379.103830
346805.698951 4070379.111354
346805.763601 4070379.119280
346805.828176 4070379.127731
346805.892667 4070379.136712
346805.957066 4070379.146224
346806.021364 4070379.156270
346806.085553 4070379.166850
346806.149624 4070379.177964
346806.213571 4070379.189609
346806.277385 4070379.201782
346806.341060 4070379.214477
346806.404635 4070379.227585
346806.468121 4070379.241167
346806.531509 4070379.255232
346806.594791 4070379.269784
346806.657960 4070379.284829
346806.721009 4070379.300370
346806.783929 4070379.316408
346806.846715 4070379.332943
346806.909361 4070379.349974
346806.971861 4070379.367498
346807.034266 4070379.385448
346807.096551 4070379.403850
346807.158705 4070379.422705
346807.220717 4070379.442013
346807.282578 4070379.461773
346807.344277 4070379.481981
346807.405805 4070379.502633
346807.467153 4070379.523723
346807.528314 4070379.545244
346807.589279 4070379.567187
346807.650080 4070379.589502
346807.710718 4070379.612298
346807.771184 4070379.635578
346807.831469 4070379.659342
346807.891565 4070379.683587
346807.951466 4070379.708313
346808.011165 4070379.733514
346808.070655 4070379.759185
346808.129932 4070379.785321
346808.188991 4070379.811912
346808.247855 4070379.838908
346808.306478 4070379.866432
346808.364851 4070379.894486
346808.422964 4070379.923074
346808.480808 4070379.952198
346808.538377 4070379.981857
346808.595663 4070380.012053
346808.652659 4070380.042782
346808.709359 4070380.074041
346808.765758 4070380.105826
346808.821893 4070380.138086
346808.877761 4070380.170843
346808.933354 4070380.204096
346808.988665 4070380.237843
346809.043689 4070380.272080
346809.098421 4070380.306803
346809.152855 4070380.342005
346809.206987 4070380.377680
346809.260815 4070380.413818
346809.314336 4070380.450409
346809.367595 4070380.487429
346809.420575 4070380.524914
346809.473268 4070380.562855
346809.525668 4070380.601244
346809.577772 4070380.640069
346809.629574 4070380.679320
346809.681072 4070380.718984
346809.732262 4070380.759046
346809.783144 4070380.799492
346809.833715 4070380.840304
346809.884030 4070380.881404
346809.934072 4070380.922914
346809.983834 4070380.964835
346810.033313 4070381.007165
346810.082503 4070381.049902
346810.131403 4070381.093041
346810.180010 4070381.136577
346810.228322 4070381.180506
346810.276340 4070381.224818
346810.324063 4070381.269508
346810.371564 4070381.314542
346810.418791 4070381.359995
346810.465735 4070381.405867
346810.512389 4070381.452156
346810.558746 4070381.498857
346810.604799 4070381.545968
346810.650545 4070381.593482
346810.695979 4070381.641395
346810.741098 4070381.689698
346810.785899 4070381.738384
346810.830441 4070381.787427
346810.874689 4070381.836824
346810.918638 4070381.886566
346810.962280 4070381.936644
346811.005608 4070381.987048
346811.048619 4070382.037764
346811.091309 4070382.088782
346811.133675 4070382.140086
346811.175714 4070382.191663
346811.217426 4070382.243496
346811.258874 4070382.295575
346811.300014 4070382.347968
346811.340838 4070382.400662
346811.381338 4070382.453646
346811.421509 4070382.506907
346811.461347 4070382.560431
346811.500847 4070382.614205
346811.540007 4070382.668212
346811.578824 4070382.722437
346811.617299 4070382.776863
346811.655515 4070382.831441
346811.693414 4070382.886271
346811.730987 4070382.941348
346811.768222 4070382.996665
346811.805113 4070383.052217
346811.841651 4070383.107996
346811.877830 4070383.163994
346811.913646 4070383.220202
346811.949094 4070383.276611
346811.984171 4070383.333210
346812.018940 4070383.390017
346812.053332 4070383.447085
346812.087336 4070383.504407
346812.120940 4070383.561974
346812.154135 4070383.619777
346812.186913 4070383.677806
346812.219266 4070383.736053
346812.251188 4070383.794505
346812.282674 4070383.853152
346812.313719 4070383.911982
346812.344429 4070383.970976
346812.374747 4070384.030163
346812.404659 4070384.089535
346812.434149 4070384.149085
346812.463205 4070384.208803
346812.491816 4070384.268680
346812.519972 4070384.328707
346812.547663 4070384.388872
346812.574882 4070384.449167
346812.601622 4070384.509579
346812.627948 4070384.570075
346812.653817 4070384.630692
346812.679218 4070384.691423
346812.704138 4070384.752262
346812.728569 4070384.813202
346812.752501 4070384.874237
346812.775929 4070384.935359
346812.798845 4070384.996559
346812.821247 4070385.057831
346812.843131 4070385.119165
346812.864528 4070385.180588
346812.885389 4070385.242137
346812.905708 4070385.303803
346812.925478 4070385.365579
346812.944696 4070385.427456
346812.963359 4070385.489424
346812.981466 4070385.551474
346812.999016 4070385.613597
346813.016012 4070385.675783
346813.032456 4070385.738022
346813.048419 4070385.800310
346813.063848 4070385.862650
346813.078737 4070385.925034
346813.093083 4070385.987450
346813.106884 4070386.049889
346813.120138 4070386.112340
346813.132846 4070386.174793
346813.145011 4070386.237236
346813.156634 4070386.299660
346813.167722 4070386.362054
346813.178365 4070386.424455
346813.188500 4070386.486917
346813.198123 4070386.549431
346813.207230 4070386.611986
346813.215817 4070386.674572
346813.223883 4070386.737180
346813.231430 4070386.799800
346813.238457 4070386.862421
346813.244969 4070386.925034
346813.250970 4070386.987630
346813.256511 4070387.050219
346813.261517 4070387.112814
346813.265985 4070387.175406
346813.269913 4070387.237985
346813.273301 4070387.300544
346813.276149 4070387.363073
346813.278460 4070387.425564
346813.280239 4070387.488008
346813.281490 4070387.550397
346813.282220 4070387.612723
346813.282486 4070387.674982
346813.282230 4070387.737186
346813.281450 4070387.799326
346813.280148 4070387.861398
346813.278325 4070387.923396
346813.275987 4070387.985312
346813.273137 4070388.047143
346813.269783 4070388.108881
346813.265932 4070388.170523
346813.261594 4070388.232063
346813.256837 4070388.293494
346813.251600 4070388.354806
346813.245882 4070388.415992
346813.239686 4070388.477049
346813.233015 4070388.537972
346813.225875 4070388.598755
346813.218272 4070388.659395
346813.210213 4070388.719887
346813.201708 4070388.780226
346813.192766 4070388.840410
346813.183429 4070388.900432
346813.173615 4070388.960321
346813.163326 4070389.020077
346813.152566 4070389.079702
346813.141342 4070389.139196
346813.129659 4070389.198559
346813.117525 4070389.257792
346813.104950 4070389.316897
346813.091944 4070389.375875
346813.078518 4070389.434728
346813.064725 4070389.493479
346813.050504 4070389.552100
346813.035858 4070389.610588
346813.020795 4070389.668939
346813.005321 4070389.727153
346812.989445 4070389.785226
346812.973175 4070389.843156
346812.956523 4070389.900943
346812.939501 4070389.958585
346812.922121 4070390.016080
346812.904458 4070390.073433
346812.886404 4070390.130650
346812.867957 4070390.187734
346812.849118 4070390.244683
346812.829889 4070390.301498
346812.810272 4070390.358180
346812.790271 4070390.414729
346812.769892 4070390.471147
346812.749140 4070390.527435
346812.728022 4070390.583594
346812.706570 4070390.639627
346812.684716 4070390.695560
346812.662459 4070390.751397
346812.639802 4070390.807142
346812.616747 4070390.862801
346812.593298 4070390.918380
346812.569459 4070390.973883
346812.545237 4070391.029318
346812.520638 4070391.084689
346812.495671 4070391.140005
346812.470397 4070391.195271
346812.444785 4070391.250458
346812.418836 4070391.305568
346812.392554 4070391.360606
346812.365941 4070391.415575
346812.339004 4070391.470479
346812.311748 4070391.525324
346812.284180 4070391.580113
346812.256309 4070391.634851
346812.228143 4070391.689544
346812.199729 4070391.744201
346812.170997 4070391.798821
346812.141952 4070391.853408
346812.112595 4070391.907967
346812.082929 4070391.962504
346812.052961 4070392.017023
346812.022695 4070392.071531
346811.992138 4070392.126032
346811.961298 4070392.180532
346811.930184 4070392.235039
346811.898840 4070392.289549
346811.867181 4070392.344012
346811.835205 4070392.398433
346811.802911 4070392.452813
346811.770302 4070392.507155
346811.737377 4070392.561461
346811.704141 4070392.615734
346811.670596 4070392.669978
346811.636746 4070392.724194
346811.602598 4070392.778387
346811.568180 4070392.832593
346811.533447 4070392.886791
346811.498400 4070392.940978
346811.463041 4070392.995152
346811.427372 4070393.049312
346811.391396 4070393.103454
346811.355118 4070393.157577
346811.318541 4070393.211680
346811.281673 4070393.265761
346811.244519 4070393.319818
346811.207104 4070393.373806
346811.169380 4070393.427724
346811.131347 4070393.481575
346811.093010 4070393.535362
346811.054372 4070393.589086
346811.015438 4070393.642752
346810.976212 4070393.696361
346810.936701 4070393.749917
346810.896912 4070393.803422
346810.856853 4070393.856880
346810.816554 4070393.910322
346810.775959 4070393.963750
346810.735067 4070394.017163
346810.693883 4070394.070563
346810.652407 4070394.123950
346810.610644 4070394.177323
346810.568597 4070394.230684
346810.526272 4070394.284032
346810.483674 4070394.337370
346810.440809 4070394.390697
346810.397708 4070394.444003
346810.354344 4070394.497292
346810.310721 4070394.550568
346810.266842 4070394.603833
346810.222711 4070394.657090
346810.178333 4070394.710341
346810.133715 4070394.763589
346810.088862 4070394.816838
346810.043782 4070394.870089
346809.998483 4070394.923347
346809.952992 4070394.976600
346809.907274 4070395.029830
346809.861332 4070395.083038
346809.815171 4070395.136226
346809.768796 4070395.189397
346809.722213 4070395.242552
346809.675428 4070395.295694
346809.628448 4070395.348824
346809.581281 4070395.401945
346809.533935 4070395.455059
346809.486466 4070395.508168
346809.438812 4070395.561268
346809.390972 4070395.614361
346809.342947 4070395.667449
346809.294737 4070395.720533
346809.246343 4070395.773615
346809.197767 4070395.826697
346809.149011 4070395.879779
346809.100079 4070395.932864
346809.050975 4070395.985952
346809.001721 4070396.039028
346808.952294 4070396.092094
346808.902696 4070396.145153
346808.852928 4070396.198208
346808.802992 4070396.251263
346808.752892 4070396.304320
346808.702630 4070396.357382
346808.652211 4070396.410453
346808.601640 4070396.463535
346808.550922 4070396.516630
346808.500086 4070396.569759
346808.449076 4070396.622921
346808.397892 4070396.676116
346808.346533 4070396.729345
346808.294999 4070396.782610
346808.243291 4070396.835911
346808.191411 4070396.889249
346808.139359 4070396.942625
346808.087139 4070396.996039
346808.034754 4070397.049493
346807.982206 4070397.102986
346807.929462 4070397.156515
346807.876523 4070397.210079
346807.823389 4070397.263680
346807.770064 4070397.317317
346807.716548 4070397.370990
346807.662845 4070397.424699
346807.608958 4070397.478444
346807.554891 4070397.532226
346807.500648 4070397.586043
346807.446256 4070397.639883
346807.391678 4070397.693756
346807.336915 4070397.747665
346807.281964 4070397.801612
346807.226829 4070397.855599
346807.171508 4070397.909629
346807.116004 4070397.963704
346807.060319 4070398.017826
346807.004454 4070398.071996
346806.948412 4070398.126217
346806.892224 4070398.180510
346806.835864 4070398.234837
346806.779332 4070398.289194
346806.722626 4070398.343577
346806.665745 4070398.397982
346806.608692 4070398.452405
346806.551466 4070398.506843
346806.494067 4070398.561290
346806.436499 4070398.615743
346806.378763 4070398.670197
346806.320879 4070398.724647
346806.262828 4070398.779136
346806.204612 4070398.833664
346806.146230 4070398.888233
346806.087684 4070398.942841
346806.028975 4070398.997490
346805.970105 4070399.052179
346805.911075 4070399.106910
346805.851890 4070399.161681
346805.792551 4070399.216494
346805.733057 4070399.271355
346805.673385 4070399.326233
346805.613539 4070399.381123
346805.553522 4070399.436022
346805.493337 4070399.490928
346805.432988 4070399.545835
346805.372479 4070399.600742
346805.311816 4070399.655643
346805.251003 4070399.710536
346805.190046 4070399.765417
346805.128943 4070399.820314
346805.067677 4070399.875233
346805.006252 4070399.930167
346804.944672 4070399.985113
346804.882945 4070400.040063
346804.821075 4070400.095014
346804.759068 4070400.149958
346804.696933 4070400.204892
346804.634674 4070400.259809
346804.572300 4070400.314705
346804.509812 4070400.369593
346804.447197 4070400.424481
346804.384463 4070400.479363
346804.321616 4070400.534234
346804.258663 4070400.589088
346804.195612 4070400.643920
346804.132471 4070400.698725
346804.069247 4070400.753498
346804.005950 4070400.808233
346803.942588 4070400.862927
346803.879164 4070400.917594
346803.815637 4070400.972228
346803.752013 4070401.026822
346803.688296 4070401.081371
346803.624493 4070401.135869
346803.560608 4070401.190309
346803.496648 4070401.244687
346803.432619 4070401.298995
346803.368527 4070401.353230
346803.304378 4070401.407386
346803.240146 4070401.461479
346803.175819 4070401.515521
346803.111406 4070401.569507
346803.046915 4070401.623434
346802.982353 4070401.677296
346802.917730 4070401.731090
346802.853054 4070401.784812
346802.788334 4070401.838458
346802.723577 4070401.892025
346802.658793 4070401.945509
346802.593998 4070401.998927
346802.529174 4070402.052256
346802.464326 4070402.105490
346802.399461 4070402.158623
346802.334584 4070402.211650
346802.269700 4070402.264565
346802.204816 4070402.317363
346802.139936 4070402.370040
346802.075068 4070402.422591
346802.010216 4070402.475011
346801.945391 4070402.527324
346801.880601 4070402.579523
346801.815848 4070402.631601
346801.751139 4070402.683553
346801.686479 4070402.735373
346801.621874 4070402.787055
346801.557329 4070402.838596
346801.492849 4070402.889989
346801.428441 4070402.941231
346801.364109 4070402.992318
346801.299843 4070403.043263
346801.235625 4070403.094077
346801.171460 4070403.144757
346801.107353 4070403.195299
346801.043310 4070403.245701
346800.979334 4070403.295960
346800.915432 4070403.346075
346800.851607 4070403.396043
346800.787865 4070403.445864
346800.724211 4070403.495537
346800.660665 4070403.545081
346800.597201 4070403.594475
346800.533819 4070403.643712
346800.470520 4070403.692791
346800.407303 4070403.741707
346800.344168 4070403.790458
346800.281116 4070403.839042
346800.218146 4070403.887455
346800.155258 4070403.935698
346800.092451 4070403.983767
346800.029724 4070404.031676
346799.967056 4070404.079424
346799.904446 4070404.127010
346799.841892 4070404.174431
346799.779393 4070404.221689
346799.716945 4070404.268783
346799.654547 4070404.315713
346799.592196 4070404.362479
346799.529889 4070404.409083
346799.467625 4070404.455527
346799.405424 4070404.501820
346799.343290 4070404.547956
346799.281216 4070404.593938
346799.219199 4070404.639766
346799.157234 4070404.685442
346799.095317 4070404.730969
346799.033442 4070404.776348
346798.971605 4070404.821583
346798.909801 4070404.866678
346798.848025 4070404.911636
346798.786283 4070404.956461
346798.724578 4070405.001122
346798.662903 4070405.045622
346798.601254 4070405.089962
346798.539625 4070405.134145
346798.478010 4070405.178175
346798.416406 4070405.222054
346798.354805 4070405.265786
346798.293204 4070405.309375
346798.231596 4070405.352825
346798.169999 4070405.396161
346798.108411 4070405.439366
346798.046825 4070405.482440
346797.985234 4070405.525385
346797.923633 4070405.568203
346797.862013 4070405.610896
346797.800369 4070405.653466
346797.738693 4070405.695916
346797.676980 4070405.738250
346797.615222 4070405.780470
346797.553428 4070405.822604
346797.491596 4070405.864631
346797.429718 4070405.906552
346797.367788 4070405.948368
346797.305798 4070405.990079
346797.243743 4070406.031687
346797.181614 4070406.073193
346797.119406 4070406.114599
346797.057112 4070406.155908
346796.994726 4070406.197122
346796.932281 4070406.238263
346796.869804 4070406.279308
346796.807289 4070406.320257
346796.744728 4070406.361112
346796.682116 4070406.401871
346796.619448 4070406.442537
346796.556716 4070406.483110
346796.493917 4070406.523592
346796.431045 4070406.563985
346796.368095 4070406.604291
346796.305068 4070406.644540
346796.241951 4070406.684712
346796.178738 4070406.724806
346796.115425 4070406.764819
346796.052005 4070406.804752
346795.988474 4070406.844603
346795.924829 4070406.884374
346795.861064 4070406.924063
346795.797176 4070406.963671
346795.733161 4070407.003201
346795.669038 4070407.042684
346795.604797 4070407.082091
346795.540430 4070407.121417
346795.475933 4070407.160659
346795.411300 4070407.199813
346795.346525 4070407.238877
346795.281605 4070407.277847
346795.216534 4070407.316723
346795.151308 4070407.355501
346795.085923 4070407.394180
346795.020401 4070407.432804
346794.954753 4070407.471346
346794.888975 4070407.509801
346794.823065 4070407.548162
346794.757019 4070407.586424
346794.690835 4070407.624582
346794.624510 4070407.662630
346794.558043 4070407.700564
346794.491432 4070407.738380
346794.424675 4070407.776075
346794.357800 4070407.813688
346794.290784 4070407.851189
346794.223624 4070407.888568
346794.156316 4070407.925819
346794.088855 4070407.962931
346794.021237 4070407.999900
346793.953461 4070408.036717
346793.885523 4070408.073376
346793.817421 4070408.109872
346793.749153 4070408.146198
346793.680739 4070408.182387
346793.612179 4070408.218417
346793.543471 4070408.254279
346793.474611 4070408.289963
346793.405599 4070408.325461
346793.336434 4070408.360767
346793.267115 4070408.395872
346793.197641 4070408.430770
346793.128012 4070408.465455
346793.058230 4070408.499923
346792.988300 4070408.534211
346792.918197 4070408.568301
346792.847919 4070408.602184
346792.777465 4070408.635851
346792.706835 4070408.669294
346792.636030 4070408.702505
346792.565050 4070408.735477
346792.493894 4070408.768204
346792.422566 4070408.800680
346792.351066 4070408.832899
346792.279388 4070408.864876
346792.207525 4070408.896608
346792.135477 4070408.928087
346792.063249 4070408.959311
346791.990842 4070408.990274
346791.918262 4070409.020973
346791.845510 4070409.051406
346791.772593 4070409.081571
346791.699514 4070409.111466
346791.626278 4070409.141090
346791.552901 4070409.170526
346791.479363 4070409.199743
346791.405666 4070409.228732
346791.331814 4070409.257484
346791.257810 4070409.285991
346791.183658 4070409.314246
346791.109362 4070409.342242
346791.034926 4070409.369974
346790.960355 4070409.397437
346790.885655 4070409.424626
346790.810799 4070409.451587
346790.735780 4070409.478287
346790.660607 4070409.504718
346790.585287 4070409.530870
346790.509829 4070409.556737
346790.434242 4070409.582313
346790.358533 4070409.607590
346790.282712 4070409.632565
346790.206788 4070409.657233
346790.130771 4070409.681591
346790.054664 4070409.705696
346789.978435 4070409.729520
346789.902089 4070409.753055
346789.825634 4070409.776293
346789.749075 4070409.799227
346789.672420 4070409.821853
346789.595676 4070409.844164
346789.518850 4070409.866156
346789.441949 4070409.887827
346789.364980 4070409.909174
346789.287946 4070409.930235
346789.210848 4070409.950972
346789.133694 4070409.971381
346789.056492 4070409.991456
346788.979251 4070410.011193
346788.901979 4070410.030587
346788.824684 4070410.049637
346788.747376 4070410.068341
346788.670061 4070410.086697
346788.592750 4070410.104707
346788.515449 4070410.122409
346788.438141 4070410.139767
346788.360833 4070410.156775
346788.283532 4070410.173431
346788.206245 4070410.189731
346788.128980 4070410.205675
346788.051743 4070410.221261
346787.974543 4070410.236489
346787.897386 4070410.251362
346787.820280 4070410.265881
346787.743195 4070410.280060
346787.666115 4070410.293854
346787.589050 4070410.307262
346787.512008 4070410.320284
346787.434997 4070410.332922
346787.358028 4070410.345178
346787.281108 4070410.357053
346787.204246 4070410.368552
346787.127451 4070410.379680
346787.050731 4070410.390441
346786.974082 4070410.400890
346786.897485 4070410.410983
346786.820944 4070410.420718
346786.744467 4070410.430096
346786.668060 4070410.439115
346786.591730 4070410.447777
346786.515482 4070410.456086
346786.439323 4070410.464043
346786.363258 4070410.471653
346786.287293 4070410.478920
346786.211417 4070410.485870
346786.135612 4070410.492466
346786.059884 4070410.498709
346785.984238 4070410.504602
346785.908677 4070410.510148
346785.833206 4070410.515352
346785.757829 4070410.520217
346785.682550 4070410.524751
346785.607371 4070410.528958
346785.532296 4070410.532847
346785.457315 4070410.536444
346785.382425 4070410.539707
346785.307631 4070410.542639
346785.232935 4070410.545244
346785.158341 4070410.547528
346785.083851 4070410.549497
346785.009467 4070410.551156
346784.935192 4070410.552513
346784.861028 4070410.553577
346784.786977 4070410.554357
346784.713063 4070410.554839
346784.639296 4070410.555016
346784.565672 4070410.554898
346784.492193 4070410.554498
346784.418856 4070410.553830
346784.345661 4070410.552906
346784.272606 4070410.551740
346784.199688 4070410.550349
346784.126907 4070410.548747
346784.054260 4070410.546952
346783.981743 4070410.544986
346783.909343 4070410.542774
346783.837056 4070410.540327
346783.764880 4070410.537654
346783.692809 4070410.534764
346783.620840 4070410.531669
346783.548968 4070410.528379
346783.477188 4070410.524907
346783.405496 4070410.521264
346783.333886 4070410.517464
346783.262362 4070410.513527
346783.190950 4070410.509413
346783.119649 4070410.505130
346783.048454 4070410.500689
346782.977363 4070410.496098
346782.906371 4070410.491368
346782.835475 4070410.486509
346782.764671 4070410.481532
346782.693956 4070410.476449
346782.623325 4070410.471271
346782.552781 4070410.466002
346782.482323 4070410.460592
346782.411948 4070410.455047
346782.341651 4070410.449377
346782.271426 4070410.443589
346782.201270 4070410.437693
346782.131177 4070410.431698
346782.061141 4070410.425614
346781.991158 4070410.419450
346781.921222 4070410.413217
346781.851340 4070410.406898
346781.781512 4070410.400466
346781.711732 4070410.393930
346781.641994 4070410.387300
346781.572290 4070410.380586
346781.502615 4070410.373798
346781.432961 4070410.366948
346781.363323 4070410.360045
346781.293694 4070410.353101
346781.224066 4070410.346128
346781.154433 4070410.339110
346781.084790 4070410.332021
346781.015132 4070410.324869
346780.945452 4070410.317665
346780.875742 4070410.310419
346780.805996 4070410.303140
346780.736206 4070410.295840
346780.666367 4070410.288529
346780.596469 4070410.281216
346780.526508 4070410.273913
346780.456470 4070410.266625
346780.386391 4070410.259351
346780.316268 4070410.252101
346780.246098 4070410.244886
346780.175878 4070410.237714
346780.105605 4070410.230597
346780.035277 4070410.223543
346779.964891 4070410.216563
346779.894443 4070410.209667
346779.823931 4070410.202865
346779.753362 4070410.196115
346779.682747 4070410.189380
346779.612083 4070410.182669
346779.541366 4070410.175993
346779.470596 4070410.169361
346779.399768 4070410.162783
346779.328881 4070410.156269
346779.257932 4070410.149826
346779.186919 4070410.143465
346779.115840 4070410.137193
346779.044696 4070410.130979
346778.973505 4070410.124811
346778.902265 4070410.118702
346778.830976 4070410.112661
346778.759637 4070410.106698
346778.688249 4070410.100822
346778.616809 4070410.095043
346778.545320 4070410.089369
346778.473779 4070410.083809
346778.402188 4070410.078371
346778.330549 4070410.073039
346778.258877 4070410.067802
346778.187174 4070410.062668
346778.115442 4070410.057646
346778.043682 4070410.052742
346777.971896 4070410.047963
346777.900086 4070410.043316
346777.828254 4070410.038807
346777.756402 4070410.034441
346777.684533 4070410.030223
346777.612642 4070410.026096
346777.540706 4070410.022095
346777.468725 4070410.018233
346777.396701 4070410.014522
346777.324634 4070410.010973
346777.252525 4070410.007599
346777.180375 4070410.004409
346777.108185 4070410.001414
346777.035957 4070409.998624
346776.963692 4070409.996048
346776.891391 4070409.993640
346776.819059 4070409.991405
346776.746696 4070409.989357
346776.674304 4070409.987509
346776.601885 4070409.985871
346776.529440 4070409.984454
346776.456971 4070409.983270
346776.384480 4070409.982327
346776.311970 4070409.981636
346776.239441 4070409.981203
346776.166873 4070409.980993
346776.094261 4070409.981009
346776.021610 4070409.981261
346775.948924 4070409.981760
346775.876205 4070409.982516
346775.803459 4070409.983535
346775.730688 4070409.984826
346775.657896 4070409.986396
346775.585087 4070409.988251
346775.512266 4070409.990397
346775.439455 4070409.992777
346775.366648 4070409.995413
346775.293848 4070409.998315
346775.221056 4070410.001492
346775.148272 4070410.004953
346775.075497 4070410.008706
346775.002734 4070410.012757
346774.929984 4070410.017114
346774.857247 4070410.021781
346774.784526 4070410.026763
346774.711790 4070410.032025
346774.639032 4070410.037601
346774.566255 4070410.043501
346774.493461 4070410.049734
346774.420653 4070410.056306
346774.347836 4070410.063224
346774.275011 4070410.070493
346774.202182 4070410.078119
346774.129352 4070410.086105
346774.056523 4070410.094455
346773.983684 4070410.103108
346773.910839 4070410.112100
346773.837992 4070410.121440
346773.765147 4070410.131136
346773.692308 4070410.141196
346773.619480 4070410.151626
346773.546665 4070410.162431
346773.473869 4070410.173617
346773.401094 4070410.185186
346773.328344 4070410.197142
346773.255610 4070410.209438
346773.182902 4070410.222084
346773.110225 4070410.235087
346773.037583 4070410.248450
346772.964983 4070410.262176
346772.892427 4070410.276268
346772.819922 4070410.290726
346772.747471 4070410.305552
346772.675079 4070410.320743
346772.602751 4070410.336299
346772.530473 4070410.352157
346772.458240 4070410.368375
346772.386055 4070410.384959
346772.313924 4070410.401916
346772.241851 4070410.419250
346772.169840 4070410.436964
346772.097895 4070410.455060
346772.026019 4070410.473540
346771.954217 4070410.492404
346771.882491 4070410.511651
346771.810811 4070410.531218
346771.739179 4070410.551155
346771.667601 4070410.571469
346771.596082 4070410.592166
346771.524628 4070410.613250
346771.453244 4070410.634724
346771.381936 4070410.656592
346771.310708 4070410.678854
346771.239564 4070410.701512
346771.168510 4070410.724564
346771.097528 4070410.747951
346771.026620 4070410.771705
346770.955794 4070410.795830
346770.885052 4070410.820329
346770.814402 4070410.845204
346770.743845 4070410.870457
346770.673388 4070410.896088
346770.603035 4070410.922094
346770.532787 4070410.948474
346770.462650 4070410.975224
346770.392631 4070411.002312
346770.322739 4070411.029803
346770.252977 4070411.057701
346770.183348 4070411.086006
346770.113854 4070411.114720
346770.044496 4070411.143841
346769.975277 4070411.173367
346769.906198 4070411.203297
346769.837260 4070411.233625
346769.768464 4070411.264348
346769.699767 4070411.295426
346769.631172 4070411.326916
346769.562683 4070411.358819
346769.494306 4070411.391137
346769.426042 4070411.423867
346769.357897 4070411.457009
346769.289872 4070411.490559
346769.221971 4070411.524512
346769.154195 4070411.558865
346769.086547 4070411.593611
346769.019012 4070411.628694
346768.951619 4070411.664162
346768.884373 4070411.700015
346768.817278 4070411.736252
346768.750339 4070411.772873
346768.683560 4070411.809875
346768.616943 4070411.847254
346768.550493 4070411.885006
346768.484211 4070411.923125
346768.418101 4070411.961605
346768.352167 4070412.000453
346768.286388 4070412.039725
346768.220765 4070412.079416
346768.155296 4070412.119521
346768.089978 4070412.160034
346768.024811 4070412.200946
346767.959792 4070412.242251
346767.894918 4070412.283938
346767.830186 4070412.325998
346767.765592 4070412.368420
346767.701119 4070412.411170
346767.636797 4070412.454280
346767.572626 4070412.497746
346767.508606 4070412.541558
346767.444737 4070412.585709
346767.381017 4070412.630188
346767.317445 4070412.674987
346767.254020 4070412.720092
346767.190739 4070412.765494
346767.127599 4070412.811178
346767.064600 4070412.857095
346767.001754 4070412.903300
346766.939059 4070412.949789
346766.876513 4070412.996557
346766.814113 4070413.043595
346766.751857 4070413.090899
346766.689742 4070413.138458
346766.627764 4070413.186264
346766.565920 4070413.234307
346766.504205 4070413.282577
346766.442598 4070413.331065
346766.381112 4070413.379810
346766.319743 4070413.428805
346766.258490 4070413.478041
346766.197349 4070413.527510
346766.136317 4070413.577201
346766.075392 4070413.627103
346766.014568 4070413.677205
346765.953844 4070413.727495
346765.893213 4070413.777960
346765.832670 4070413.828573
346765.772229 4070413.879388
346765.711886 4070413.930396
346765.651639 4070413.981591
346765.591482 4070414.032964
346765.531413 4070414.084507
346765.471426 4070414.136209
346765.411517 4070414.188061
346765.351681 4070414.240052
346765.291912 4070414.292172
346765.232199 4070414.344406
346765.172573 4070414.396811
346765.113034 4070414.449380
346765.053579 4070414.502107
346764.994205 4070414.554984
346764.934911 4070414.608004
346764.875694 4070414.661158
346764.816550 4070414.714438
346764.757476 4070414.767834
346764.698469 4070414.821337
346764.639532 4070414.874911
346764.580682 4070414.928610
346764.521917 4070414.982433
346764.463235 4070415.036376
346764.404632 4070415.090436
346764.346106 4070415.144610
346764.287653 4070415.198894
346764.229270 4070415.253283
346764.170954 4070415.307773
346764.112700 4070415.362357
346764.054498 4070415.417057
346763.996338 4070415.471893
346763.938217 4070415.526860
346763.880131 4070415.581953
346763.822075 4070415.637164
346763.764044 4070415.692486
346763.706035 4070415.747913
346763.648042 4070415.803437
346763.590059 4070415.859050
346763.532082 4070415.914745
346763.474117 4070415.970487
346763.416207 4070416.026308
346763.358349 4070416.082205
346763.300540 4070416.138175
346763.242777 4070416.194215
346763.185057 4070416.250321
346763.127378 4070416.306488
346763.069737 4070416.362714
346763.012130 4070416.418994
346762.954554 4070416.475322
346762.896992 4070416.531695
346762.839460 4070416.588160
346762.781957 4070416.644718
346762.724482 4070416.701368
346762.667035 4070416.758110
346762.609616 4070416.814941
346762.552224 4070416.871862
346762.494858 4070416.928871
346762.437517 4070416.985967
346762.380200 4070417.043147
346762.322907 4070417.100398
346762.265632 4070417.157702
346762.208375 4070417.215058
346762.151134 4070417.272462
346762.093908 4070417.329912
346762.036695 4070417.387405
346761.979493 4070417.444936
346761.922301 4070417.502504
346761.865117 4070417.560103
346761.807939 4070417.617731
346761.750764 4070417.675386
346761.693607 4070417.733090
346761.636465 4070417.790839
346761.579339 4070417.848632
346761.522228 4070417.906464
346761.465131 4070417.964332
346761.408047 4070418.022234
346761.350976 4070418.080165
346761.293915 4070418.138121
346761.236865 4070418.196099
346761.179838 4070418.254104
346761.122832 4070418.312174
346761.065843 4070418.370306
346761.008870 4070418.428498
346760.951909 4070418.486750
346760.894957 4070418.545058
346760.838011 4070418.603422
346760.781069 4070418.661838
346760.724127 4070418.720307
346760.667183 4070418.778824
346760.610224 4070418.837388
346760.553265 4070418.895997
346760.496307 4070418.954647
346760.439348 4070419.013334
346760.382389 4070419.072058
346760.325429 4070419.130814
346760.268467 4070419.189601
346760.211503 4070419.248414
346760.154536 4070419.307251
346760.097566 4070419.366109
346760.040578 4070419.424994
346759.983573 4070419.483917
346759.926555 4070419.542875
346759.869523 4070419.601865
346759.812478 4070419.660885
346759.755422 4070419.719931
346759.698355 4070419.779001
346759.641278 4070419.838090
346759.584193 4070419.897198
346759.527099 4070419.956319
346759.469986 4070420.015468
346759.412863 4070420.074641
346759.355732 4070420.133833
346759.298596 4070420.193039
346759.241457 4070420.252255
346759.184319 4070420.311476
346759.127183 4070420.370698
346759.070051 4070420.429915
346759.012927 4070420.489124
346758.955813 4070420.548319
346758.898700 4070420.607532
346758.841586 4070420.666782
346758.784474 4070420.726065
346758.727365 4070420.785375
346758.670262 4070420.844707
346758.613168 4070420.904056
346758.556084 4070420.963418
346758.499012 4070421.022787
346758.441954 4070421.082158
346758.384913 4070421.141528
346758.327856 4070421.200892
346758.270797 4070421.260218
346758.213743 4070421.319499
346758.156698 4070421.378730
346758.099668 4070421.437902
346758.042659 4070421.497010
346757.985675 4070421.556048
346757.928722 4070421.615009
346757.871805 4070421.673887
346757.814928 4070421.732675
346757.758091 4070421.791401
346757.701282 4070421.850082
346757.644508 4070421.908712
346757.587769 4070421.967285
346757.531071 4070422.025795
346757.474417 4070422.084236
346757.417808 4070422.142603
346757.361248 4070422.200890
346757.304739 4070422.259093
346757.248285 4070422.317205
346757.191848 4070422.375251
346757.135451 4070422.433224
346757.079100 4070422.491114
346757.022802 4070422.548916
346756.966565 4070422.606623
346756.910394 4070422.664229
346756.854296 4070422.721726
346756.798276 4070422.779109
346756.742342 4070422.836372
346756.686498 4070422.893511
346756.630716 4070422.950568
346756.575007 4070423.007549
346756.519379 4070423.064446
346756.463838 4070423.121249
346756.408393 4070423.177951
346756.353052 4070423.234546
346756.297821 4070423.291026
346756.242707 4070423.347386
346756.187716 4070423.403618
346756.132856 4070423.459718
346756.078092 4070423.515719
346756.023435 4070423.571607
346755.968894 4070423.627373
346755.914479 4070423.683010
346755.860196 4070423.738508
346755.806055 4070423.793861
346755.752064 4070423.849061
346755.698228 4070423.904102
346755.644557 4070423.958978
346755.591055 4070424.013683
346755.537671 4070424.068270
346755.484398 4070424.122716
346755.431248 4070424.177010
346755.378230 4070424.231142
346755.325351 4070424.285101
346755.272622 4070424.338878
346755.220049 4070424.392465
346755.167639 4070424.445851
