0.003149
0.002813
0.002461
0.002093
0.001709
0.001307
0.000883
0.000440
-0.000021
-0.000495
-0.000984
-0.001489
-0.002010
-0.002545
-0.003094
-0.003656
-0.004231
-0.004817
-0.005419
-0.006037
-0.006662
-0.007293
-0.007932
-0.008577
-0.009226
-0.009877
-0.010525
-0.011169
-0.011808
-0.012438
-0.013060
-0.013674
-0.014277
-0.014865
-0.015439
-0.015996
-0.016532
-0.017048
-0.017543
-0.018017
-0.018470
-0.018902
-0.019327
-0.019739
-0.020106
-0.020429
-0.020709
-0.020946
-0.021140
-0.021292
-0.021408
-0.021487
-0.021536
-0.021554
-0.021547
-0.021515
-0.021463
-0.021394
-0.021309
-0.021207
-0.021119
-0.021039
-0.020933
-0.020801
-0.020645
-0.020466
-0.020263
-0.020035
-0.019783
-0.019510
-0.019214
-0.018896
-0.018550
-0.018181
-0.017793
-0.017385
-0.016959
-0.016512
-0.016035
-0.015528
-0.015002
-0.014458
-0.013899
-0.013325
-0.012738
-0.012139
-0.011532
-0.010916
-0.010295
-0.009673
-0.009052
-0.008424
-0.007792
-0.007159
-0.006525
-0.005890
-0.005238
-0.004567
-0.003902
-0.003245
-0.002597
-0.001957
-0.001326
-0.000704
-0.000089
0.000519
0.001123
0.001723
0.002318
0.002908
0.003492
0.004077
0.004665
0.005255
0.005862
0.006485
0.007099
0.007699
0.008282
0.008846
0.009388
0.009911
0.010414
0.010893
0.011347
0.011777
0.012181
0.012558
0.012906
0.013224
0.013511
0.013767
0.014003
0.014204
0.014371
0.014510
0.014627
0.014721
0.014795
0.014846
0.014876
0.014888
0.014882
0.014861
0.014828
0.014786
0.014735
0.014682
0.014630
0.014580
0.014556
0.014596
0.014670
0.014740
0.014801
0.014858
0.014909
0.014951
0.014986
0.015011
0.015030
0.015036
0.015033
0.015010
0.014962
0.014891
0.014797
0.014681
0.014542
0.014395
0.014247
0.014075
0.013884
0.013673
0.013445
0.013197
0.012930
0.012645
0.012344
0.012026
0.011696
0.011351
0.010989
0.010614
0.010221
0.009813
0.009401
0.008995
0.008602
0.008204
0.007800
0.007391
0.006974
0.006550
0.006120
0.005684
0.005239
0.004780
0.004313
0.003838
0.003355
0.002867
0.002381
0.001899
0.001423
0.000967
0.000539
0.000118
-0.000296
-0.000700
-0.001091
-0.001469
-0.001833
-0.002182
-0.002515
-0.002830
-0.003128
-0.003407
-0.003666
-0.003898
-0.004104
-0.004277
-0.004413
-0.004493
-0.004520
-0.004529
-0.004510
-0.004473
-0.004416
-0.004347
-0.004263
-0.004169
-0.004060
-0.003941
-0.003809
-0.003668
-0.003513
-0.003347
-0.003178
-0.003008
-0.002843
-0.002695
-0.002566
-0.002438
-0.002315
-0.002194
-0.002079
-0.001968
-0.001898
-0.001865
-0.001861
-0.001883
-0.001955
-0.002076
-0.002215
-0.002369
-0.002537
-0.002717
-0.002912
-0.003115
-0.003335
-0.003569
-0.003790
-0.004001
-0.004186
-0.004346
-0.004476
-0.004579
-0.004644
-0.004670
-0.004670
-0.004646
-0.004601
-0.004539
-0.004462
-0.004372
-0.004270
-0.004153
-0.004025
-0.003884
-0.003737
-0.003581
-0.003415
-0.003237
-0.003047
-0.002846
-0.002626
-0.002385
-0.002132
-0.001873
-0.001607
-0.001340
-0.001074
-0.000805
-0.000529
-0.000248
0.000039
0.000329
0.000620
0.000915
0.001209
0.001502
0.001791
0.002076
0.002360
0.002643
0.002922
0.003197
0.003469
0.003737
0.004000
0.004250
0.004489
0.004720
0.004941
0.005151
0.005349
0.005538
0.005710
0.005868
0.006008
0.006128
0.006225
0.006293
0.006337
0.006355
0.006346
0.006300
0.006212
0.006095
0.005948
0.005772
0.005564
0.005321
0.005040
0.004724
0.004371
0.003984
0.003558
0.003132
0.002707
0.002281
0.001857
0.001467
0.001115
0.000776
0.000455
0.000155
-0.000121
-0.000367
-0.000583
-0.000747
-0.000861
-0.000952
-0.001017
-0.001077
-0.001136
-0.001193
-0.001249
-0.001308
-0.001366
-0.001425
-0.001486
-0.001544
-0.001601
-0.001657
-0.001707
-0.001755
-0.001800
-0.001843
-0.001879
-0.001905
-0.001920
-0.001926
-0.001922
-0.001906
-0.001874
-0.001827
-0.001764
-0.001689
-0.001604
-0.001510
-0.001408
-0.001296
-0.001177
-0.001058
-0.000942
-0.000831
-0.000726
-0.000627
-0.000535
-0.000448
-0.000370
-0.000297
-0.000233
-0.000177
-0.000128
-0.000086
-0.000053
-0.000029
-0.000012
-0.000004
-0.000004
-0.000015
-0.000039
-0.000074
-0.000123
-0.000186
-0.000262
-0.000347
-0.000439
-0.000536
-0.000639
-0.000747
-0.000863
-0.000988
-0.001118
-0.001253
-0.001396
-0.001543
-0.001695
-0.001852
-0.002010
-0.002168
-0.002327
-0.002486
-0.002645
-0.002806
-0.002966
-0.003123
-0.003280
-0.003438
-0.003594
-0.003748
-0.003897
-0.004042
-0.004179
-0.004310
-0.004438
-0.004562
-0.004684
-0.004802
-0.004916
-0.005021
-0.005118
-0.005207
-0.005287
-0.005356
-0.005412
-0.005455
-0.005484
-0.005502
-0.005507
-0.005500
-0.005479
-0.005443
-0.005391
-0.005324
-0.005241
-0.005142
-0.005027
-0.004898
-0.004755
-0.004600
-0.004432
-0.004253
-0.004064
-0.003868
-0.003664
-0.003456
-0.003245
-0.003031
-0.002817
-0.002604
-0.002393
-0.002183
-0.001975
-0.001768
-0.001562
-0.001361
-0.001164
-0.000969
-0.000779
-0.000591
-0.000410
-0.000233
-0.000061
0.000107
0.000270
0.000427
0.000578
0.000723
0.000862
0.000994
0.001120
0.001239
0.001351
0.001457
0.001554
0.001644
0.001729
0.001806
0.001876
0.001940
0.001997
0.002050
0.002097
0.002140
0.002178
0.002210
0.002237
0.002258
0.002275
0.002287
0.002294
0.002297
0.002297
0.002294
0.002290
0.002283
0.002274
0.002265
0.002255
0.002246
0.002238
0.002230
0.002221
0.002211
0.002200
0.002191
0.002181
0.002173
0.002168
0.002166
0.002168
0.002172
0.002181
0.002194
0.002211
0.002233
0.002260
0.002293
0.002330
0.002372
0.002416
0.002464
0.002514
0.002566
0.002618
0.002670
0.002723
0.002777
0.002831
0.002885
0.002938
0.002989
0.003038
0.003085
0.003131
0.003174
0.003214
0.003251
0.003285
0.003316
0.003344
0.003368
0.003389
0.003405
0.003414
0.003417
0.003415
0.003408
0.003395
0.003376
0.003350
0.003320
0.003284
0.003243
0.003197
0.003147
0.003093
0.003034
0.002969
0.002898
0.002821
0.002737
0.002650
0.002558
0.002462
0.002362
0.002258
0.002150
0.002040
0.001929
0.001814
0.001698
0.001579
0.001459
0.001337
0.001215
0.001091
0.000967
0.000843
0.000719
0.000597
0.000479
0.000366
0.000256
0.000150
0.000048
-0.000050
-0.000145
-0.000234
-0.000319
-0.000402
-0.000481
-0.000554
-0.000622
-0.000683
-0.000740
-0.000792
-0.000838
-0.000876
-0.000910
-0.000937
-0.000958
-0.000975
-0.000988
-0.000997
-0.001004
-0.001009
-0.001012
-0.001013
-0.001012
-0.001008
-0.001001
-0.000989
-0.000974
-0.000955
-0.000932
-0.000904
-0.000874
-0.000842
-0.000809
-0.000776
-0.000741
-0.000706
-0.000673
-0.000640
-0.000608
-0.000577
-0.000547
-0.000518
-0.000491
-0.000467
-0.000445
-0.000425
-0.000407
-0.000392
-0.000379
-0.000367
-0.000357
-0.000350
-0.000346
-0.000345
-0.000345
-0.000346
-0.000348
-0.000353
-0.000359
-0.000367
-0.000377
-0.000390
-0.000403
-0.000420
-0.000437
-0.000456
-0.000475
-0.000495
-0.000516
-0.000539
-0.000562
-0.000585
-0.000610
-0.000634
-0.000659
-0.000682
-0.000705
-0.000727
-0.000748
-0.000768
-0.000785
-0.000802
-0.000816
-0.000828
-0.000838
-0.000846
-0.000853
-0.000858
-0.000863
-0.000867
-0.000869
-0.000871
-0.000873
-0.000875
-0.000876
-0.000875
-0.000874
-0.000870
-0.000864
-0.000856
-0.000847
-0.000836
-0.000825
-0.000813
-0.000802
-0.000791
-0.000779
-0.000765
-0.000750
-0.000734
-0.000716
-0.000698
-0.000680
-0.000662
-0.000644
-0.000626
-0.000609
-0.000590
-0.000569
-0.000548
-0.000526
-0.000506
-0.000487
-0.000468
-0.000448
-0.000428
-0.000407
-0.000386
-0.000366
-0.000348
-0.000333
-0.000321
-0.000312
-0.000306
-0.000303
-0.000302
-0.000302
-0.000303
-0.000305
-0.000307
-0.000309
-0.000310
-0.000309
-0.000305
-0.000298
-0.000289
-0.000278
-0.000264
-0.000248
-0.000229
-0.000208
-0.000187
-0.000166
-0.000146
-0.000126
-0.000105
-0.000085
-0.000065
-0.000047
-0.000029
-0.000013
0.000005
0.000022
0.000037
0.000049
0.000061
0.000072
0.000084
0.000096
0.000110
0.000127
0.000145
0.000167
0.000190
0.000213
0.000236
0.000260
0.000282
0.000302
0.000319
0.000335
0.000350
0.000366
0.000382
0.000399
0.000418
0.000437
0.000456
0.000474
0.000491
0.000506
0.000523
0.000541
0.000558
0.000574
0.000590
0.000604
0.000617
0.000627
0.000633
0.000638
0.000640
0.000643
0.000644
0.000644
0.000644
0.000643
0.000641
0.000635
0.000626
0.000615
0.000599
0.000582
0.000565
0.000545
0.000522
0.000496
0.000466
0.000434
0.000400
0.000367
0.000334
0.000302
0.000271
0.000242
0.000216
0.000193
0.000172
0.000154
0.000138
0.000125
0.000113
0.000102
0.000093
0.000085
0.000076
0.000067
0.000058
0.000047
0.000036
0.000023
0.000007
-0.000009
-0.000027
-0.000044
-0.000060
-0.000074
-0.000088
-0.000101
-0.000112
-0.000121
-0.000128
-0.000133
-0.000136
-0.000135
-0.000129
-0.000120
-0.000108
-0.000095
-0.000080
-0.000066
-0.000053
-0.000041
-0.000030
-0.000019
-0.000006
0.000007
0.000019
0.000031
0.000045
0.000060
0.000076
0.000092
0.000108
0.000124
0.000140
0.000154
0.000166
0.000178
0.000189
0.000199
0.000208
0.000214
0.000217
0.000219
0.000220
0.000220
0.000220
0.000219
0.000219
0.000218
0.000217
0.000214
0.000209
0.000203
0.000197
0.000190
0.000182
0.000173
0.000164
0.000153
0.000140
0.000127
0.000115
0.000101
0.000089
0.000077
0.000066
0.000057
0.000047
0.000038
0.000028
0.000017
0.000006
-0.000004
-0.000015
-0.000027
-0.000038
-0.000049
-0.000058
-0.000064
-0.000068
-0.000071
-0.000075
-0.000080
-0.000085
-0.000090
-0.000095
-0.000100
-0.000105
-0.000111
-0.000116
-0.000121
-0.000125
-0.000130
-0.000134
-0.000137
-0.000142
-0.000147
-0.000152
-0.000159
-0.000166
-0.000174
-0.000184
-0.000196
-0.000209
-0.000221
-0.000234
-0.000248
-0.000265
-0.000282
-0.000301
-0.000320
-0.000341
-0.000363
-0.000386
-0.000410
-0.000437
-0.000464
-0.000492
-0.000521
-0.000550
-0.000581
-0.000614
-0.000650
-0.000686
-0.000721
-0.000755
-0.000788
-0.000818
-0.000846
-0.000871
-0.000894
-0.000915
-0.000934
-0.000950
-0.000965
-0.000977
-0.000988
-0.000998
-0.001005
-0.001010
-0.001012
-0.001011
-0.001007
-0.001000
-0.000990
-0.000976
-0.000958
-0.000937
-0.000912
-0.000883
-0.000851
-0.000814
-0.000775
-0.000733
-0.000689
-0.000644
-0.000598
-0.000553
-0.000507
-0.000460
-0.000411
-0.000360
-0.000309
-0.000256
-0.000202
-0.000144
-0.000086
-0.000027
0.000029
0.000083
0.000134
0.000182
0.000228
0.000273
0.000316
0.000358
0.000397
0.000434
0.000468
0.000498
0.000526
0.000550
0.000572
0.000591
0.000608
0.000623
0.000635
0.000644
0.000651
0.000657
0.000661
0.000663
0.000665
0.000665
0.000662
0.000656
0.000648
0.000637
0.000626
0.000613
0.000598
0.000581
0.000562
0.000542
0.000522
0.000499
0.000477
0.000453
0.000428
0.000402
0.000376
0.000349
0.000322
0.000298
0.000274
0.000250
0.000227
0.000205
0.000183
0.000160
0.000138
0.000115
0.000092
0.000071
0.000052
0.000034
0.000018
0.000002
-0.000013
-0.000027
-0.000041
-0.000054
-0.000067
-0.000078
-0.000088
-0.000098
-0.000109
-0.000119
-0.000128
-0.000137
-0.000145
-0.000154
-0.000164
-0.000173
-0.000181
-0.000189
-0.000195
-0.000199
-0.000202
-0.000202
-0.000201
-0.000199
-0.000195
-0.000190
-0.000183
-0.000176
-0.000169
-0.000161
-0.000152
-0.000141
-0.000130
-0.000118
-0.000106
-0.000093
-0.000079
-0.000066
-0.000053
-0.000040
-0.000028
-0.000015
-0.000002
0.000012
0.000025
0.000040
0.000054
0.000068
0.000083
0.000098
0.000112
0.000126
0.000138
0.000149
0.000159
0.000169
0.000179
0.000189
0.000200
0.000209
0.000218
0.000225
0.000231
0.000236
0.000240
0.000243
0.000244
0.000244
0.000243
0.000240
0.000237
0.000234
0.000230
0.000225
0.000221
0.000217
0.000213
0.000210
0.000207
0.000204
0.000200
0.000194
0.000189
0.000184
0.000179
0.000175
0.000171
0.000164
0.000156
0.000146
0.000136
0.000126
0.000116
0.000105
0.000094
0.000083
0.000072
0.000061
0.000051
0.000040
0.000030
0.000019
0.000010
0.000001
-0.000007
-0.000013
-0.000020
-0.000027
-0.000035
-0.000045
-0.000057
-0.000068
-0.000080
-0.000091
-0.000103
-0.000114
-0.000125
-0.000135
-0.000144
-0.000151
-0.000158
-0.000165
-0.000170
-0.000176
-0.000181
-0.000185
-0.000187
-0.000188
-0.000188
-0.000188
-0.000186
-0.000184
-0.000180
-0.000175
-0.000171
-0.000167
-0.000163
-0.000158
-0.000154
-0.000151
-0.000148
-0.000144
-0.000139
-0.000134
-0.000128
-0.000123
-0.000118
-0.000113
-0.000109
-0.000106
-0.000102
-0.000097
-0.000091
-0.000086
-0.000080
-0.000074
-0.000066
-0.000057
-0.000048
-0.000039
-0.000029
-0.000020
-0.000011
-0.000003
0.000005
0.000013
0.000021
0.000028
0.000033
0.000037
0.000040
0.000042
0.000045
0.000047
0.000047
0.000046
0.000043
0.000039
0.000034
0.000030
0.000025
0.000020
0.000014
0.000007
0.000000
-0.000005
-0.000011
-0.000018
-0.000023
-0.000029
-0.000034
-0.000039
-0.000043
-0.000049
-0.000055
-0.000060
-0.000064
-0.000067
-0.000068
-0.000067
-0.000063
-0.000057
-0.000051
-0.000044
-0.000037
-0.000029
-0.000020
-0.000010
-0.000000
0.000010
0.000019
0.000028
0.000036
0.000043
0.000048
0.000054
0.000059
0.000063
0.000067
0.000069
0.000071
0.000072
0.000071
0.000067
0.000060
0.000051
0.000041
0.000030
0.000018
0.000007
-0.000004
-0.000014
-0.000024
-0.000033
-0.000041
-0.000049
-0.000055
-0.000061
-0.000067
-0.000073
-0.000081
-0.000089
-0.000098
-0.000109
-0.000120
-0.000131
-0.000142
-0.000152
-0.000163
-0.000171
-0.000178
-0.000184
-0.000192
-0.000199
-0.000206
-0.000214
-0.000222
-0.000230
-0.000236
-0.000241
-0.000244
-0.000245
-0.000243
-0.000239
-0.000233
-0.000226
-0.000217
-0.000207
-0.000197
-0.000184
-0.000171
-0.000156
-0.000139
-0.000122
-0.000104
-0.000084
-0.000063
-0.000041
-0.000017
0.000008
0.000033
0.000060
0.000086
0.000113
0.000141
0.000169
0.000196
0.000221
0.000244
0.000266
0.000285
0.000303
0.000320
0.000336
0.000350
0.000364
0.000377
0.000389
0.000399
0.000408
0.000416
0.000422
0.000427
0.000431
0.000433
0.000434
0.000433
0.000430
0.000426
0.000420
0.000412
0.000403
0.000393
0.000381
0.000368
0.000356
0.000345
0.000336
0.000327
0.000318
0.000309
0.000300
0.000291
0.000281
0.000270
0.000259
0.000247
0.000233
0.000220
0.000204
0.000188
0.000171
0.000154
0.000137
0.000119
0.000103
0.000088
0.000073
0.000058
0.000042
0.000025
0.000006
-0.000014
-0.000033
-0.000051
-0.000067
-0.000082
-0.000095
-0.000107
-0.000118
-0.000128
-0.000138
-0.000148
-0.000159
-0.000170
-0.000181
-0.000190
-0.000200
-0.000208
-0.000216
-0.000223
-0.000231
-0.000238
-0.000245
-0.000250
-0.000255
-0.000259
-0.000263
-0.000267
-0.000273
-0.000280
-0.000287
-0.000294
-0.000301
-0.000310
-0.000318
-0.000327
-0.000335
-0.000343
-0.000349
-0.000353
-0.000354
-0.000353
-0.000348
-0.000342
-0.000333
-0.000324
-0.000313
-0.000302
-0.000290
-0.000277
-0.000264
-0.000250
-0.000237
-0.000224
-0.000210
-0.000194
-0.000178
-0.000161
-0.000145
-0.000129
-0.000112
-0.000093
-0.000073
-0.000050
-0.000025
0.000002
0.000031
0.000061
0.000091
0.000120
0.000149
0.000178
0.000205
0.000231
0.000256
0.000281
0.000306
0.000330
0.000353
0.000376
0.000397
0.000418
0.000438
0.000458
0.000478
0.000496
0.000514
0.000530
0.000547
0.000564
0.000581
0.000599
0.000616
0.000632
0.000648
0.000664
0.000677
0.000690
0.000699
0.000706
0.000710
0.000712
0.000712
0.000709
0.000705
0.000700
0.000692
0.000683
0.000672
0.000660
0.000645
0.000629
0.000612
0.000594
0.000575
0.000555
0.000534
0.000513
0.000492
0.000471
0.000452
0.000433
0.000415
0.000397
0.000381
0.000367
0.000353
0.000340
0.000330
0.000320
0.000311
0.000301
0.000291
0.000280
0.000269
0.000259
0.000251
0.000245
0.000240
0.000237
0.000236
0.000236
0.000238
0.000241
0.000247
0.000253
0.000260
0.000266
0.000273
0.000281
0.000291
0.000301
0.000311
0.000322
0.000333
0.000344
0.000355
0.000365
0.000374
0.000385
0.000399
0.000415
0.000432
0.000450
0.000470
0.000488
0.000505
0.000521
0.000534
0.000547
0.000560
0.000572
0.000584
0.000593
0.000601
0.000607
0.000612
0.000615
0.000616
0.000615
0.000609
0.000599
0.000585
0.000568
0.000548
0.000525
0.000498
0.000467
0.000432
0.000395
0.000353
0.000310
0.000263
0.000213
0.000160
0.000104
0.000044
-0.000020
-0.000088
-0.000159
-0.000232
-0.000306
-0.000381
-0.000456
-0.000531
-0.000605
-0.000679
-0.000754
-0.000829
-0.000904
-0.000978
-0.001052
-0.001127
-0.001200
-0.001271
-0.001340
-0.001408
-0.001473
-0.001537
-0.001598
-0.001657
-0.001713
-0.001767
-0.001817
-0.001864
-0.001910
-0.001955
-0.001998
-0.002041
-0.002081
-0.002119
-0.002155
-0.002189
-0.002221
-0.002248
-0.002271
-0.002289
-0.002300
-0.002306
-0.002305
-0.002298
-0.002285
-0.002267
-0.002243
-0.002215
-0.002181
-0.002141
-0.002096
-0.002045
-0.001989
-0.001928
-0.001863
-0.001794
-0.001722
-0.001646
-0.001566
-0.001481
-0.001391
-0.001295
-0.001194
-0.001089
-0.000978
-0.000862
-0.000740
-0.000613
-0.000479
-0.000338
-0.000192
-0.000041
0.000113
0.000271
0.000435
0.000605
0.000780
0.000961
0.001145
0.001336
0.001534
0.001739
0.001950
0.002167
0.002390
0.002617
0.002850
0.003087
0.003328
0.003575
0.003827
0.004085
0.004348
0.004616
0.004888
0.005164
0.005443
0.005722
0.006000
0.006275
0.006548
0.006821
0.007090
0.007358
0.007621
0.007880
0.008134
0.008382
0.008623
0.008855
0.009079
0.009294
0.009499
0.009694
0.009879
0.010052
0.010213
0.010361
0.010495
0.010617
0.010727
0.010823
0.010907
0.010978
0.011034
0.011076
0.011108
0.011128
0.011134
0.011126
0.011102
0.011064
0.011011
0.010943
0.010860
0.010764
0.010654
0.010533
0.010399
0.010255
0.010100
0.009935
0.009759
0.009574
0.009380
0.009180
0.008975
0.008768
0.008554
0.008334
0.008110
0.007884
0.007655
0.007426
0.007199
0.006975
0.006754
0.006536
0.006323
0.006116
0.005916
0.005728
0.005551
0.005389
0.005242
0.005116
0.005011
0.004934
0.004876
0.004840
0.004826
0.004838
0.004875
0.004941
0.005034
0.005161
0.005320
0.005509
0.005726
0.005980
0.006266
0.006592
0.006952
0.007350
0.007782
0.008255
0.008764
0.009312
0.009896
0.010519
0.011181
0.011884
0.012623
0.013403
0.014218
0.015076
0.015972
0.016896
0.017846
0.018824
0.019827
0.020856
0.021908
0.022985
0.024081
0.025196
0.026327
0.027476
0.028635
0.029803
0.030973
0.032142
0.033304
0.034457
0.035596
0.036726
0.037839
0.038923
0.039973
0.040994
0.041982
0.042936
0.043850
0.044720
0.045542
0.046315
0.047037
0.047709
0.048323
0.048878
0.049374
0.049811
0.050185
0.050499
0.050748
0.050938
0.051068
0.051131
0.051122
0.051057
0.050938
0.050773
0.050562
0.050310
0.050016
0.049687
0.049330
0.048955
0.048546
0.048114
0.047667
0.047216
0.046757
0.046301
0.045842
0.045395
0.044954
0.044521
0.044092
0.043683
0.043286
0.042914
0.042560
0.042238
0.041938
0.041667
0.041430
0.041234
0.041051
0.040884
0.040735
0.040609
0.040496
0.040398
0.040312
0.040247
0.040190
0.040144
0.040099
0.040085
0.040084
0.040044
0.039963
0.039837
0.039661
0.039434
0.039159
0.038838
0.038457
0.038014
0.037512
0.036950
0.036332
0.035657
0.034918
0.034111
0.033233
0.032242
0.031136
0.029962
0.028724
0.027430
0.026083
0.024691
0.023255
0.021784
0.020282
0.018756
0.017195
0.015604
0.013990
0.012354
0.010698
0.009027
0.007345
0.005633
0.003898
0.002193
0.000516
-0.001124
-0.002726
-0.004282
-0.005788
-0.007242
-0.008641
-0.009977
-0.011239
-0.012419
-0.013532
-0.014570
-0.015531
-0.016409
-0.017204
-0.017910
-0.018523
-0.019033
-0.019446
-0.019755
-0.019963
-0.020066
-0.020072
-0.019980
-0.019797
-0.019521
-0.019159
-0.018710
-0.018183
-0.017572
-0.016885
-0.016127
-0.015309
-0.014427
-0.013493
-0.012504
-0.011473
-0.010401
-0.009295
-0.008157
-0.006993
-0.005805
-0.004600
-0.003380
-0.002152
-0.000920
0.000309
0.001534
0.002742
0.003931
0.005091
0.006212
0.007241
0.008169
0.009058
0.009902
0.010702
0.011453
0.012157
0.012808
0.013409
0.013956
0.014454
0.014901
0.015299
0.015645
0.015940
0.016182
0.016378
0.016525
0.016638
0.016718
0.016772
0.016802
0.016810
0.016800
0.016773
0.016733
0.016679
0.016615
0.016542
0.016465
0.016382
0.016299
0.016217
0.016142
0.016075
0.016025
0.016007
0.016039
0.016090
0.016163
0.016252
0.016372
0.016517
0.016691
0.016893
0.017132
0.017400
0.017705
0.018039
0.018410
0.018813
0.019254
0.019730
0.020248
0.020827
0.021477
0.022166
0.022908
0.023693
0.024511
0.025356
0.026243
0.027165
0.028127
0.029123
0.030156
0.031219
0.032319
0.033446
0.034605
0.035787
0.036997
0.038226
0.039479
0.040744
0.042027
0.043317
0.044624
0.045938
0.047243
0.048530
0.049813
0.051082
0.052342
0.053586
0.054816
0.056022
0.057207
0.058364
0.059496
0.060587
0.061638
0.062648
0.063618
0.064540
0.065424
0.066264
0.067075
0.067848
0.068607
0.069340
0.069985
0.070544
0.071059
0.071526
0.071953
0.072336
0.072685
0.073003
0.073294
0.073536
0.073739
0.073906
0.074048
0.074157
0.074247
0.074310
0.074369
0.074416
0.074475
0.074534
0.074703
0.074955
0.075168
0.075334
0.075466
0.075561
0.075636
0.075689
0.075739
0.075757
0.075753
0.075730
0.075709
0.075673
0.075643
0.075610
0.075609
0.075625
0.075596
0.075518
0.075452
0.075386
0.075340
0.075299
0.075283
0.075279
0.075297
0.075338
0.075419
0.075506
0.075611
0.075731
0.075880
0.076045
0.076252
0.076485
0.076779
0.077116
0.077632
0.078285
0.078922
0.079534
0.080130
0.080701
0.081259
0.081793
0.082319
0.082837
0.083360
0.083854
0.084332
0.084788
0.085245
0.085691
0.086155
0.086619
0.087211
0.087889
0.088503
0.089043
0.089516
0.089916
0.090256
0.090526
0.090735
0.090872
0.090952
0.090971
0.090942
0.090875
0.090793
0.090623
0.090348
0.089994
0.089580
0.089095
0.088548
0.087931
0.087257
0.086518
0.085725
0.084871
0.083964
0.082993
0.081967
0.080878
0.079729
0.078524
0.077278
0.075995
0.074700
0.073513
0.072455
0.071374
0.070291
0.069202
0.068115
0.067022
0.065933
0.064843
0.063761
0.062678
0.061600
0.060524
0.059462
0.058415
0.057392
0.056406
0.055468
0.054507
0.053531
0.052564
0.051607
0.050653
0.049712
0.048775
0.047849
0.046924
0.046000
0.045072
0.044144
0.043209
0.042271
0.041325
0.040373
0.039415
0.038455
0.037497
0.036550
0.035681
0.034912
0.034141
0.033372
0.032599
0.031828
0.031053
0.030277
0.029499
0.028720
0.027933
0.027135
0.026324
0.025502
0.024670
0.023832
0.022992
0.022155
0.021369
0.020649
0.019929
0.019213
0.018503
0.017799
0.017098
0.016403
0.015711
0.015025
0.014338
0.013653
0.012969
0.012289
0.011618
0.010955
0.010292
0.009626
0.008962
0.008303
0.007647
0.006997
0.006352
0.005712
0.005078
0.004452
0.003833
0.003221
0.002618
0.002025
0.001443
0.000869
0.000306
-0.000241
-0.000771
-0.001283
-0.001781
-0.002268
-0.002741
-0.003201
-0.003647
-0.004078
-0.004494
-0.004892
-0.005272
-0.005630
-0.005965
-0.006276
-0.006567
-0.006835
-0.007083
-0.007309
-0.007515
-0.007699
-0.007864
-0.008009
-0.008138
-0.008247
-0.008339
-0.008414
-0.008475
-0.008520
-0.008551
-0.008566
-0.008565
-0.008548
-0.008516
-0.008471
-0.008413
-0.008344
-0.008263
-0.008174
-0.008077
-0.007975
-0.007874
-0.007771
-0.007669
-0.007568
-0.007469
-0.007375
-0.007286
-0.007204
-0.007129
-0.007064
-0.007007
-0.006955
-0.006910
-0.006875
-0.006849
-0.006834
-0.006830
-0.006840
-0.006863
-0.006904
-0.006963
-0.007042
-0.007137
-0.007249
-0.007378
-0.007525
-0.007688
-0.007869
-0.008065
-0.008282
-0.008521
-0.008779
-0.009052
-0.009346
-0.009657
-0.009984
-0.010325
-0.010682
-0.011051
-0.011437
-0.011838
-0.012255
-0.012685
-0.013129
-0.013583
-0.014054
-0.014535
-0.015024
-0.015517
-0.016016
-0.016523
-0.017030
-0.017536
-0.018047
-0.018558
-0.019071
-0.019580
-0.020086
-0.020586
-0.021080
-0.021567
-0.022052
-0.022531
-0.023008
-0.023479
-0.023945
-0.024402
-0.024854
-0.025297
-0.025740
-0.026175
-0.026598
-0.027004
-0.027403
-0.027791
-0.028176
-0.028552
-0.028923
-0.029283
-0.029633
-0.029974
-0.030313
-0.030642
-0.030965
-0.031281
-0.031594
-0.031901
-0.032205
-0.032498
-0.032791
-0.033075
-0.033343
-0.033593
-0.033837
-0.034070
-0.034297
-0.034511
-0.034719
-0.034918
-0.035112
-0.035298
-0.035481
-0.035649
-0.035808
-0.035955
-0.036096
-0.036223
-0.036346
-0.036458
-0.036567
-0.036667
-0.036750
-0.036812
-0.036863
-0.036898
-0.036925
-0.036939
-0.036944
-0.036933
-0.036913
-0.036883
-0.036845
-0.036786
-0.036708
-0.036612
-0.036497
-0.036362
-0.036210
-0.036038
-0.035853
-0.035649
-0.035419
-0.035159
-0.034878
-0.034572
-0.034245
-0.033892
-0.033518
-0.033124
-0.032712
-0.032286
-0.031846
-0.031383
-0.030901
-0.030401
-0.029888
-0.029355
-0.028808
-0.028244
-0.027670
-0.027083
-0.026487
-0.025879
-0.025265
-0.024642
-0.024015
-0.023381
-0.022743
-0.022100
-0.021458
-0.020820
-0.020188
-0.019552
-0.018917
-0.018286
-0.017660
-0.017036
-0.016415
-0.015798
-0.015187
-0.014581
-0.013983
-0.013391
-0.012808
-0.012231
-0.011664
-0.011107
-0.010561
-0.010026
-0.009506
-0.009002
-0.008519
-0.008048
-0.007590
-0.007147
-0.006720
-0.006308
-0.005914
-0.005535
-0.005174
-0.004830
-0.004504
-0.004193
-0.003901
-0.003624
-0.003364
-0.003119
-0.002891
-0.002676
-0.002476
-0.002290
-0.002116
-0.001953
-0.001800
-0.001660
-0.001531
-0.001411
-0.001300
-0.001199
-0.001106
-0.001019
-0.000939
-0.000866
-0.000799
-0.000739
-0.000683
-0.000632
-0.000587
-0.000546
-0.000509
-0.000475
-0.000446
-0.000422
-0.000401
-0.000384
-0.000371
-0.000361
-0.000354
-0.000350
-0.000349
-0.000350
-0.000352
-0.000355
-0.000360
-0.000366
-0.000374
-0.000383
-0.000394
-0.000407
-0.000420
-0.000433
-0.000447
-0.000459
-0.000473
-0.000485
-0.000497
-0.000508
-0.000519
-0.000528
-0.000537
-0.000546
-0.000552
-0.000556
-0.000558
-0.000557
-0.000553
-0.000546
-0.000539
-0.000531
-0.000521
-0.000509
-0.000497
-0.000485
-0.000471
-0.000458
-0.000446
-0.000433
-0.000420
-0.000407
-0.000394
-0.000381
-0.000368
-0.000353
-0.000337
-0.000320
-0.000302
-0.000286
-0.000270
-0.000254
-0.000238
-0.000221
-0.000203
-0.000185
-0.000166
-0.000148
-0.000129
-0.000111
-0.000094
-0.000079
-0.000064
-0.000049
-0.000033
-0.000018
-0.000003
0.000011
0.000026
0.000040
0.000054
0.000068
0.000081
0.000093
0.000104
0.000114
0.000123
0.000133
0.000141
0.000148
0.000154
0.000159
0.000163
0.000166
0.000167
0.000167
0.000166
0.000165
0.000164
0.000164
0.000163
0.000162
0.000160
0.000159
0.000158
0.000157
0.000155
0.000153
0.000150
0.000148
0.000146
0.000145
0.000144
0.000143
0.000140
0.000137
0.000134
0.000132
0.000131
0.000128
0.000126
0.000124
0.000121
0.000120
0.000120
0.000119
0.000119
0.000118
0.000117
0.000115
0.000112
0.000109
0.000105
0.000099
0.000093
0.000087
0.000081
0.000076
0.000071
0.000068
0.000066
0.000065
0.000064
0.000064
0.000066
0.000067
0.000069
0.000070
0.000071
0.000071
0.000072
0.000072
0.000071
0.000069
0.000067
0.000065
0.000062
0.000059
0.000056
0.000053
0.000049
0.000045
0.000041
0.000036
0.000029
0.000020
0.000009
-0.000005
-0.000019
-0.000035
-0.000051
-0.000068
-0.000087
-0.000106
-0.000125
-0.000144
-0.000163
-0.000182
-0.000202
-0.000222
-0.000241
-0.000258
-0.000276
-0.000292
-0.000308
-0.000323
-0.000338
-0.000351
-0.000363
-0.000375
-0.000387
-0.000399
-0.000411
-0.000424
-0.000435
-0.000447
-0.000458
-0.000467
-0.000476
-0.000485
-0.000492
-0.000498
-0.000503
-0.000506
-0.000507
-0.000505
-0.000502
-0.000497
-0.000491
-0.000485
-0.000478
-0.000470
-0.000462
-0.000453
-0.000443
-0.000432
-0.000422
-0.000410
-0.000398
-0.000386
-0.000372
-0.000358
-0.000342
-0.000323
-0.000302
-0.000279
-0.000257
-0.000235
-0.000212
-0.000190
-0.000167
-0.000144
-0.000123
-0.000102
-0.000082
-0.000063
-0.000046
-0.000029
-0.000013
0.000002
0.000016
0.000029
0.000040
0.000049
0.000056
0.000062
0.000065
0.000066
0.000066
0.000064
0.000061
0.000056
0.000051
0.000046
0.000042
0.000038
0.000034
0.000031
0.000029
0.000027
0.000025
0.000022
0.000019
0.000015
0.000012
0.000008
0.000003
-0.000002
-0.000007
-0.000013
-0.000018
-0.000024
-0.000031
-0.000037
-0.000043
-0.000048
-0.000054
-0.000060
-0.000067
-0.000073
-0.000080
-0.000087
-0.000094
-0.000100
-0.000105
-0.000108
-0.000109
-0.000109
-0.000108
-0.000104
-0.000100
-0.000095
-0.000090
-0.000085
-0.000080
-0.000074
-0.000069
-0.000064
-0.000060
-0.000055
-0.000049
-0.000043
-0.000037
-0.000030
-0.000023
-0.000016
-0.000008
-0.000001
0.000008
0.000017
0.000027
0.000038
0.000049
0.000060
0.000070
0.000080
0.000090
0.000099
0.000109
0.000118
0.000125
0.000132
0.000137
0.000141
0.000144
0.000147
0.000149
0.000150
0.000150
0.000150
0.000149
0.000148
0.000146
0.000145
0.000143
0.000142
0.000141
0.000141
0.000140
0.000140
0.000139
0.000139
0.000138
0.000136
0.000135
0.000133
0.000130
0.000125
0.000120
0.000115
0.000111
0.000106
0.000101
0.000095
0.000090
0.000085
0.000081
0.000079
0.000078
0.000079
0.000080
0.000082
0.000084
0.000086
0.000088
0.000091
0.000094
0.000098
0.000103
0.000111
0.000119
0.000130
0.000141
0.000153
0.000167
0.000183
0.000199
0.000215
0.000230
0.000244
0.000257
0.000269
0.000281
0.000293
0.000305
0.000316
0.000326
0.000336
0.000344
0.000350
0.000357
0.000362
0.000364
0.000365
0.000365
0.000365
0.000364
0.000363
0.000362
0.000361
0.000360
0.000358
0.000356
0.000354
0.000351
0.000348
0.000345
0.000341
0.000336
0.000332
0.000327
0.000322
0.000317
0.000311
0.000305
0.000298
0.000292
0.000286
0.000280
0.000272
0.000264
0.000254
0.000244
0.000233
0.000223
0.000213
0.000203
0.000194
0.000186
0.000178
0.000171
0.000164
0.000157
0.000150
0.000144
0.000139
0.000134
0.000130
0.000128
0.000125
0.000123
0.000122
0.000121
0.000121
0.000123
0.000126
0.000130
0.000133
0.000136
0.000139
0.000141
0.000144
0.000147
0.000151
0.000156
0.000162
0.000167
0.000171
0.000176
0.000180
0.000183
0.000187
0.000189
0.000191
0.000193
0.000194
0.000194
0.000194
0.000193
0.000191
0.000188
0.000184
0.000178
0.000170
0.000161
0.000152
0.000142
0.000132
0.000121
0.000111
0.000101
0.000090
0.000079
0.000070
0.000063
0.000057
0.000051
0.000045
0.000039
0.000032
0.000025
0.000017
0.000008
-0.000000
-0.000010
-0.000019
-0.000029
-0.000040
-0.000051
-0.000063
-0.000076
-0.000090
-0.000104
-0.000119
-0.000135
-0.000151
-0.000168
-0.000186
-0.000204
-0.000222
-0.000241
-0.000260
-0.000277
-0.000294
-0.000310
-0.000324
-0.000337
-0.000349
-0.000359
-0.000369
-0.000379
-0.000388
-0.000396
-0.000404
-0.000410
-0.000416
-0.000421
-0.000426
-0.000431
-0.000435
-0.000437
-0.000439
-0.000440
-0.000439
-0.000437
-0.000435
-0.000431
-0.000426
-0.000420
-0.000412
-0.000403
-0.000394
-0.000384
-0.000371
-0.000358
-0.000344
-0.000330
-0.000316
-0.000299
-0.000283
-0.000265
-0.000247
-0.000228
-0.000209
-0.000188
-0.000168
-0.000148
-0.000130
-0.000112
-0.000093
-0.000075
-0.000057
-0.000039
-0.000021
-0.000003
0.000015
0.000032
0.000047
0.000062
0.000076
0.000089
0.000102
0.000114
0.000125
0.000133
0.000141
0.000148
0.000155
0.000162
0.000168
0.000174
0.000178
0.000181
0.000183
0.000183
0.000183
0.000183
0.000181
0.000180
0.000178
0.000176
0.000173
0.000169
0.000165
0.000161
0.000157
0.000154
0.000150
0.000148
0.000147
0.000146
0.000147
0.000149
0.000151
0.000154
0.000157
0.000161
0.000165
0.000169
0.000172
0.000175
0.000178
0.000179
0.000181
0.000183
0.000184
0.000185
0.000186
0.000187
0.000188
0.000189
0.000189
0.000190
0.000190
0.000188
0.000187
0.000185
0.000181
0.000177
0.000172
0.000167
0.000163
0.000158
0.000153
0.000147
0.000142
0.000136
0.000132
0.000129
0.000125
0.000122
0.000118
0.000112
0.000107
0.000100
0.000093
0.000085
0.000078
0.000071
0.000063
0.000054
0.000044
0.000033
0.000021
0.000009
-0.000004
-0.000016
-0.000029
-0.000041
-0.000054
-0.000067
-0.000080
-0.000092
-0.000104
-0.000115
-0.000127
-0.000141
-0.000156
-0.000173
-0.000190
-0.000210
-0.000230
-0.000251
-0.000274
-0.000297
-0.000321
-0.000346
-0.000371
-0.000397
-0.000425
-0.000453
-0.000481
-0.000509
-0.000537
-0.000564
-0.000590
-0.000617
-0.000645
-0.000671
-0.000697
-0.000723
-0.000749
-0.000774
-0.000800
-0.000824
-0.000846
-0.000867
-0.000887
-0.000908
-0.000927
-0.000945
-0.000962
-0.000979
-0.000994
-0.001009
-0.001022
-0.001033
-0.001042
-0.001049
-0.001054
-0.001056
-0.001055
-0.001053
-0.001048
-0.001039
-0.001027
-0.001012
-0.000994
-0.000971
-0.000946
-0.000917
-0.000886
-0.000852
-0.000814
-0.000773
-0.000730
-0.000686
-0.000640
-0.000593
-0.000545
-0.000497
-0.000449
-0.000400
-0.000352
-0.000304
-0.000256
-0.000207
-0.000157
-0.000109
-0.000062
-0.000017
0.000028
0.000071
0.000112
0.000154
0.000195
0.000236
0.000276
0.000313
0.000348
0.000379
0.000408
0.000435
0.000458
0.000479
0.000497
0.000512
0.000526
0.000538
0.000547
0.000553
0.000557
0.000561
0.000563
0.000564
0.000565
0.000564
0.000563
0.000562
0.000560
0.000558
0.000555
0.000553
0.000550
0.000548
0.000546
0.000542
0.000539
0.000537
0.000533
0.000529
0.000523
0.000515
0.000506
0.000496
0.000486
0.000475
0.000462
0.000449
0.000435
0.000421
0.000408
0.000393
0.000379
0.000366
0.000354
0.000342
0.000330
0.000318
0.000306
0.000293
0.000278
0.000263
0.000248
0.000234
0.000220
0.000205
0.000190
0.000175
0.000159
0.000144
0.000130
0.000117
0.000103
0.000088
0.000074
0.000060
0.000047
0.000033
0.000020
0.000007
-0.000006
-0.000016
-0.000025
-0.000031
-0.000036
-0.000040
-0.000043
-0.000046
-0.000047
-0.000048
-0.000047
-0.000045
-0.000042
-0.000037
-0.000033
-0.000030
-0.000027
-0.000025
-0.000022
-0.000017
-0.000012
-0.000008
-0.000003
0.000002
0.000006
0.000011
0.000015
0.000020
0.000024
0.000029
0.000037
0.000045
0.000053
0.000063
0.000072
0.000082
0.000092
0.000103
0.000113
0.000124
0.000134
0.000143
0.000152
0.000159
0.000164
0.000167
0.000168
0.000169
0.000168
0.000167
0.000164
0.000160
0.000155
0.000151
0.000147
0.000144
0.000141
0.000139
0.000137
0.000134
0.000129
0.000123
0.000117
0.000112
0.000105
0.000099
0.000092
0.000086
0.000080
0.000074
0.000070
0.000065
0.000061
0.000057
0.000053
0.000049
0.000046
0.000042
0.000039
0.000037
0.000035
0.000032
0.000029
0.000027
0.000025
0.000024
0.000023
0.000022
0.000022
0.000022
0.000022
0.000022
0.000021
0.000020
0.000018
0.000017
0.000016
0.000015
0.000015
0.000015
0.000015
0.000015
0.000016
0.000017
0.000018
0.000019
0.000019
0.000019
0.000018
0.000017
0.000015
0.000012
0.000008
0.000005
0.000002
-0.000001
-0.000004
-0.000007
-0.000009
-0.000010
-0.000012
-0.000016
-0.000020
-0.000024
-0.000029
-0.000034
-0.000039
-0.000043
-0.000048
-0.000053
-0.000060
-0.000067
-0.000075
-0.000083
-0.000090
-0.000097
-0.000105
-0.000112
-0.000120
-0.000128
-0.000135
-0.000143
-0.000149
-0.000154
-0.000159
-0.000163
-0.000167
-0.000171
-0.000175
-0.000180
-0.000183
-0.000186
-0.000188
-0.000189
-0.000190
-0.000190
-0.000191
-0.000190
-0.000190
-0.000190
-0.000189
-0.000188
-0.000187
-0.000185
-0.000183
-0.000180
-0.000176
-0.000171
-0.000166
-0.000160
-0.000154
-0.000148
-0.000142
-0.000136
-0.000129
-0.000121
-0.000113
-0.000105
-0.000097
-0.000089
-0.000080
-0.000068
-0.000055
-0.000039
-0.000022
-0.000004
0.000015
0.000035
0.000056
0.000077
0.000098
0.000119
0.000139
0.000160
0.000179
0.000198
0.000217
0.000236
0.000257
0.000278
0.000300
0.000323
0.000348
0.000373
0.000398
0.000422
0.000447
0.000471
0.000494
0.000516
0.000538
0.000559
0.000580
0.000601
0.000622
0.000643
0.000664
0.000683
0.000703
0.000721
0.000739
0.000756
0.000774
0.000789
0.000801
0.000810
0.000818
0.000822
0.000824
0.000823
0.000820
0.000812
0.000802
0.000790
0.000774
0.000755
0.000734
0.000710
0.000683
0.000653
0.000620
0.000584
0.000544
0.000502
0.000455
0.000405
0.000351
0.000293
0.000234
0.000171
0.000105
0.000035
-0.000036
-0.000110
-0.000186
-0.000265
-0.000346
-0.000430
-0.000515
-0.000602
-0.000690
-0.000777
-0.000862
-0.000945
-0.001027
-0.001107
-0.001184
-0.001261
-0.001335
-0.001407
-0.001476
-0.001541
-0.001604
-0.001665
-0.001722
-0.001774
-0.001823
-0.001866
-0.001904
-0.001936
-0.001963
-0.001983
-0.001996
-0.002004
-0.002005
-0.002000
-0.001989
-0.001971
-0.001949
-0.001921
-0.001889
-0.001854
-0.001816
-0.001772
-0.001725
-0.001672
-0.001615
-0.001555
-0.001491
-0.001425
-0.001357
-0.001287
-0.001215
-0.001141
-0.001066
-0.000990
-0.000913
-0.000839
-0.000766
-0.000696
-0.000628
-0.000563
-0.000502
-0.000444
-0.000388
-0.000333
-0.000279
-0.000225
-0.000172
-0.000121
-0.000072
-0.000026
0.000017
0.000056
0.000091
0.000124
0.000154
0.000181
0.000203
0.000222
0.000237
0.000248
0.000255
0.000260
0.000263
0.000263
0.000262
0.000258
0.000252
0.000245
0.000237
0.000227
0.000218
0.000207
0.000197
0.000186
0.000174
0.000160
0.000145
0.000129
0.000112
0.000094
0.000073
0.000052
0.000029
0.000003
-0.000025
-0.000055
-0.000086
-0.000118
-0.000152
-0.000185
-0.000219
-0.000252
-0.000286
-0.000321
-0.000357
-0.000393
-0.000431
-0.000470
-0.000512
-0.000558
-0.000607
-0.000658
-0.000709
-0.000763
-0.000818
-0.000875
-0.000932
-0.000991
-0.001052
-0.001113
-0.001175
-0.001237
-0.001299
-0.001361
-0.001424
-0.001488
-0.001550
-0.001611
-0.001669
-0.001726
-0.001782
-0.001836
-0.001887
-0.001936
-0.001981
-0.002023
-0.002061
-0.002095
-0.002125
-0.002151
-0.002173
-0.002191
-0.002206
-0.002218
-0.002226
-0.002233
-0.002237
-0.002238
-0.002236
-0.002231
-0.002221
-0.002207
-0.002188
-0.002164
-0.002135
-0.002104
-0.002069
-0.002029
-0.001987
-0.001940
-0.001889
-0.001835
-0.001778
-0.001716
-0.001652
-0.001586
-0.001516
-0.001445
-0.001372
-0.001298
-0.001224
-0.001151
-0.001079
-0.001006
-0.000933
-0.000861
-0.000789
-0.000716
-0.000645
-0.000574
-0.000503
-0.000434
-0.000365
-0.000297
-0.000228
-0.000160
-0.000092
-0.000024
0.000042
0.000108
0.000172
0.000235
0.000295
0.000353
0.000407
0.000459
0.000508
0.000554
0.000598
0.000641
0.000682
0.000721
0.000759
0.000794
0.000828
0.000860
0.000890
0.000918
0.000945
0.000971
0.000996
0.001020
0.001042
0.001064
0.001087
0.001109
0.001131
0.001153
0.001173
0.001193
0.001212
0.001232
0.001251
0.001270
0.001289
0.001307
0.001322
0.001335
0.001347
0.001357
0.001366
0.001374
0.001382
0.001390
0.001397
0.001406
0.001415
0.001424
0.001433
0.001442
0.001451
0.001461
0.001470
0.001478
0.001486
0.001492
0.001499
0.001507
0.001515
0.001522
0.001529
0.001536
0.001541
0.001548
0.001555
0.001563
0.001572
0.001581
0.001591
0.001600
0.001610
0.001623
0.001636
0.001649
0.001662
0.001674
0.001685
0.001697
0.001708
0.001718
0.001727
0.001734
0.001740
0.001744
0.001748
0.001749
0.001748
0.001745
0.001740
0.001733
0.001724
0.001714
0.001703
0.001689
0.001674
0.001658
0.001642
0.001624
0.001605
0.001584
0.001561
0.001537
0.001512
0.001485
0.001457
0.001428
0.001398
0.001366
0.001333
0.001299
0.001266
0.001231
0.001195
0.001158
0.001118
0.001076
0.001032
0.000986
0.000939
0.000890
0.000839
0.000787
0.000734
0.000680
0.000624
0.000566
0.000508
0.000450
0.000393
0.000337
0.000282
0.000228
0.000176
0.000123
0.000069
0.000014
-0.000041
-0.000096
-0.000151
-0.000205
-0.000258
-0.000310
-0.000361
-0.000410
-0.000457
-0.000501
-0.000544
-0.000583
-0.000620
-0.000655
-0.000686
-0.000715
-0.000741
-0.000764
-0.000785
-0.000805
-0.000824
-0.000840
-0.000856
-0.000869
-0.000879
-0.000887
-0.000892
-0.000895
-0.000895
-0.000893
-0.000887
-0.000877
-0.000865
-0.000851
-0.000833
-0.000813
-0.000790
-0.000764
-0.000737
-0.000708
-0.000677
-0.000644
-0.000609
-0.000572
-0.000533
-0.000493
-0.000452
-0.000409
-0.000363
-0.000316
-0.000269
-0.000222
-0.000174
-0.000126
-0.000078
-0.000028
0.000021
0.000070
0.000119
0.000167
0.000215
0.000262
0.000308
0.000352
0.000394
0.000433
0.000471
0.000507
0.000541
0.000574
0.000605
0.000635
0.000664
0.000691
0.000716
0.000740
0.000763
0.000784
0.000801
0.000815
0.000827
0.000835
0.000839
0.000837
0.000829
0.000815
0.000797
0.000773
0.000747
0.000717
0.000684
0.000647
0.000606
0.000562
0.000515
0.000464
0.000410
0.000353
0.000292
0.000228
0.000161
0.000090
0.000016
-0.000061
-0.000140
-0.000221
-0.000303
-0.000386
-0.000469
-0.000553
-0.000637
-0.000722
-0.000809
-0.000895
-0.000982
-0.001069
-0.001156
-0.001245
-0.001337
-0.001431
-0.001528
-0.001628
-0.001731
-0.001838
-0.001949
-0.002061
-0.002175
-0.002292
-0.002410
-0.002530
-0.002652
-0.002775
-0.002901
-0.003029
-0.003158
-0.003290
-0.003423
-0.003557
-0.003692
-0.003830
-0.003968
-0.004106
-0.004245
-0.004385
-0.004525
-0.004663
-0.004800
-0.004935
-0.005067
-0.005197
-0.005323
-0.005447
-0.005567
-0.005682
-0.005792
-0.005896
-0.005994
-0.006084
-0.006167
-0.006240
-0.006303
-0.006358
-0.006405
-0.006443
-0.006473
-0.006493
-0.006503
-0.006503
-0.006493
-0.006471
-0.006438
-0.006394
-0.006338
-0.006271
-0.006192
-0.006100
-0.005996
-0.005879
-0.005749
-0.005608
-0.005455
-0.005290
-0.005114
-0.004926
-0.004727
-0.004517
-0.004298
-0.004068
-0.003830
-0.003585
-0.003333
-0.003074
-0.002810
-0.002539
-0.002264
-0.001985
-0.001701
-0.001415
-0.001126
-0.000837
-0.000550
-0.000265
0.000019
0.000299
0.000575
0.000846
0.001109
0.001365
0.001614
0.001855
0.002089
0.002315
0.002531
0.002737
0.002932
0.003115
0.003288
0.003450
0.003602
0.003742
0.003870
0.003987
0.004095
0.004191
0.004278
0.004354
0.004420
0.004476
0.004523
0.004559
0.004587
0.004606
0.004619
0.004624
0.004624
0.004619
0.004608
0.004592
0.004572
0.004547
0.004519
0.004487
0.004453
0.004417
0.004378
0.004337
0.004295
0.004253
0.004209
0.004166
0.004121
0.004077
0.004033
0.003992
0.003954
0.003919
0.003885
0.003850
0.003815
0.003781
0.003748
0.003716
0.003683
0.003651
0.003620
0.003590
0.003561
0.003533
0.003505
0.003479
0.003455
0.003435
0.003418
0.003404
0.003392
0.003384
0.003377
0.003371
0.003367
0.003367
0.003371
0.003383
0.003401
0.003428
0.003462
0.003504
0.003551
0.003609
0.003675
0.003749
0.003832
0.003923
0.004024
0.004135
0.004255
0.004383
0.004517
0.004658
0.004803
0.004955
0.005112
0.005275
0.005442
0.005614
0.005789
0.005965
0.006143
0.006324
0.006506
0.006692
0.006881
0.007074
0.007270
0.007470
0.007672
0.007878
0.008086
0.008296
0.008507
0.008720
0.008934
0.009149
0.009362
0.009578
0.009795
0.010009
0.010217
0.010424
0.010629
0.010829
0.011025
0.011216
0.011402
0.011584
0.011763
0.011943
0.012119
0.012297
0.012474
0.012651
0.012825
0.012996
0.013164
0.013332
0.013498
0.013659
0.013816
0.013973
0.014129
0.014290
0.014451
0.014615
0.014781
0.014951
0.015127
0.015310
0.015496
0.015685
0.015878
0.016076
0.016278
0.016488
0.016702
0.016928
0.017164
0.017409
0.017665
0.017940
0.018233
0.018547
0.018882
0.019238
0.019613
0.020009
0.020426
0.020871
0.021336
0.021825
0.022335
0.022874
0.023438
0.024033
0.024654
0.025308
0.025992
0.026697
0.027423
0.028183
0.028974
0.029803
0.030663
0.031559
0.032485
0.033445
0.034440
0.035472
0.036535
0.037634
0.038765
0.039936
0.041140
0.042377
0.043639
0.044946
0.046289
0.047656
0.049040
0.050450
0.051880
0.053336
0.054807
0.056297
0.057797
0.059310
0.060831
0.062365
0.063899
0.065435
0.066964
0.068485
0.069992
0.071492
0.072978
0.074462
0.075931
0.077409
0.078876
0.080467
0.082146
0.083753
0.085286
0.086753
0.088142
0.089460
0.090707
0.091901
0.093012
0.094051
0.095016
0.095916
0.096738
0.097507
0.098212
0.098896
0.099547
0.100088
0.100517
0.100915
0.101275
0.101611
0.101913
0.102205
0.102475
0.102743
0.103010
0.103299
0.103557
0.103795
0.104013
0.104232
0.104430
0.104635
0.104834
0.105020
0.105177
0.105344
0.105504
0.105675
0.105836
0.106006
0.106166
0.106332
0.106488
0.106647
0.106816
0.107019
0.107198
0.107360
0.107501
0.107641
0.107756
0.107881
0.107993
0.108073
0.108110
0.108137
0.108134
0.108116
0.108065
0.107994
0.107882
0.107744
0.107551
0.107310
0.107025
0.106707
0.106306
0.105831
0.105274
0.104648
0.103940
0.103160
0.102297
0.101343
0.100284
0.099141
0.097903
0.096578
0.095159
0.093659
0.092066
0.090384
0.088614
0.086771
0.084866
0.082912
0.080921
0.078908
0.077006
0.075241
0.073446
0.071633
0.069800
0.067947
0.066074
0.064196
0.062311
0.060429
0.058544
0.056662
0.054781
0.052908
0.051056
0.049232
0.047453
0.045730
0.043997
0.042257
0.040545
0.038863
0.037203
0.035569
0.033961
0.032387
0.030845
0.029340
0.027872
0.026449
0.025065
0.023728
0.022439
0.021204
0.020022
0.018898
0.017814
0.016774
0.015781
0.014838
0.013941
0.013092
0.012289
0.011533
0.010817
0.010147
0.009517
0.008932
0.008385
0.007879
0.007407
0.006971
0.006566
0.006193
0.005854
0.005547
0.005260
0.004996
0.004751
0.004527
0.004318
0.004128
0.003953
0.003791
0.003639
0.003499
0.003366
0.003241
0.003121
0.003008
0.002898
0.002791
0.002685
0.002583
0.002484
0.002388
0.002291
0.002194
0.002096
0.001996
0.001895
0.001793
0.001690
0.001584
0.001478
0.001371
0.001263
0.001152
0.001039
0.000922
0.000803
0.000680
0.000557
0.000431
0.000306
0.000179
0.000051
-0.000077
-0.000206
-0.000336
-0.000469
-0.000601
-0.000733
-0.000864
-0.000996
-0.001126
-0.001254
-0.001380
-0.001505
-0.001628
-0.001748
-0.001866
-0.001981
-0.002091
-0.002196
-0.002293
-0.002384
-0.002469
-0.002546
-0.002618
-0.002684
-0.002746
-0.002802
-0.002855
-0.002904
