35.678288
35.946084
36.230108
36.530885
36.848969
37.186640
37.548034
37.931438
38.299605
37.883512
37.461456
37.033168
36.599270
36.162005
35.721903
35.280271
34.837587
34.395816
33.951681
33.505789
33.065015
32.630196
32.200099
31.776214
31.359892
30.952358
30.556521
30.172640
29.800925
29.443224
29.098446
28.766108
28.447312
28.143545
27.853643
27.578471
27.319281
27.074865
26.845017
26.629090
26.426478
26.236619
26.052988
25.877913
25.724362
25.591069
25.476904
25.381265
25.303651
25.243259
25.197418
25.166320
25.147081
25.140023
25.142767
25.155322
25.175757
25.202939
25.236528
25.276986
25.312023
25.343983
25.386488
25.439670
25.502886
25.575909
25.659358
25.753893
25.859385
25.974869
26.101510
26.239234
26.391073
26.555318
26.730627
26.917896
27.116669
27.328855
27.559428
27.809272
28.073762
28.353065
28.646283
28.954044
29.275903
29.611914
29.960367
30.322331
30.695910
31.078992
31.470518
31.875842
32.293459
32.721688
33.160767
33.610937
34.084193
34.583137
35.089753
35.602366
36.119948
36.643043
37.170572
37.702234
38.239487
37.862627
37.342807
36.837296
36.346518
35.870040
35.408224
34.955249
34.509504
34.071710
33.631030
33.188815
32.762802
32.355745
31.968819
31.602426
31.257543
30.931347
30.623640
30.336011
30.068183
29.818749
29.588102
29.376064
29.183042
29.008906
28.853568
28.716454
28.591248
28.485510
28.398283
28.326111
28.265663
28.217296
28.179345
28.153253
28.137929
28.131804
28.134866
28.145588
28.162456
28.183955
28.210108
28.237342
28.264116
28.289912
28.302312
28.281652
28.243516
28.207542
28.176273
28.147121
28.121093
28.099696
28.081893
28.069191
28.059546
28.056501
28.058024
28.069699
28.094098
28.130273
28.178321
28.237856
28.309551
28.385794
28.462997
28.553277
28.654239
28.766643
28.889138
29.023609
29.169825
29.327566
29.496049
29.676171
29.865423
30.065844
30.278992
30.502909
30.741015
30.991981
31.249357
31.506915
31.759989
32.020100
32.288111
32.563570
32.848750
33.143258
33.446669
33.759245
34.083459
34.423432
34.775203
35.139156
35.515693
35.902827
36.295159
36.691041
37.088709
37.476007
37.845237
38.213891
38.057358
37.705691
37.370070
37.049985
36.745779
36.457781
36.186304
35.932457
35.694931
35.474840
35.272493
35.092838
34.934572
34.802568
34.699375
34.638910
34.618543
34.611758
34.626084
34.654010
34.697104
34.749390
34.813220
34.884878
34.968278
35.059704
35.161579
35.270938
35.391798
35.521985
35.655325
35.790274
35.922042
36.040898
36.145011
36.248792
36.348966
36.447942
36.542406
36.633952
36.691869
36.719223
36.722541
36.704299
36.644697
36.544875
36.430734
36.304933
36.168482
36.023191
35.866844
35.705240
35.531426
35.348054
35.176283
35.013558
34.871901
34.750149
34.651744
34.574106
34.525260
34.505754
34.505754
34.523759
34.557561
34.604223
34.662320
34.730431
34.807893
34.897100
34.995127
35.103636
35.217353
35.338692
35.468561
35.608682
35.759242
35.919639
36.096527
36.291902
36.498822
36.712589
36.934192
37.158740
37.384566
37.615108
37.853931
38.099473
38.283677
38.028445
37.774932
37.520570
37.269690
37.022244
36.780680
36.544875
36.312266
36.082808
35.858856
35.640294
35.426229
35.217353
35.014326
34.823116
34.641929
34.468294
34.303535
34.148199
34.002825
33.865036
33.740465
33.626723
33.526487
33.440980
33.372137
33.324022
33.292953
33.280257
33.286604
33.319076
33.381349
33.464457
33.569382
33.695753
33.846155
34.023319
34.230157
34.465301
34.731189
35.026622
35.356640
35.691759
36.031238
36.376734
36.725860
37.051667
37.349620
37.640093
37.918358
38.181273
38.211245
37.995193
37.807022
37.665103
37.566934
37.488853
37.433235
37.382008
37.331740
37.283276
37.235757
37.185794
37.136780
37.087024
37.035690
36.986984
36.939214
36.892377
36.850637
36.810636
36.773197
36.737477
36.707615
36.686071
36.673651
36.668685
36.671996
36.685243
36.711760
36.750762
36.803143
36.865655
36.936703
37.015523
37.101350
37.195948
37.296870
37.398218
37.497421
37.592729
37.683230
37.768866
37.848714
37.924462
37.992570
38.056482
38.112649
38.161898
38.205071
38.242136
38.271296
38.292525
38.307573
38.314657
38.314657
38.304916
38.283677
38.252736
38.209481
38.153977
38.087182
38.012689
37.932311
37.847845
37.758470
37.665103
37.565215
37.458033
37.347065
37.232367
37.111467
36.987822
36.860648
36.730008
36.599270
36.469265
36.339174
36.209818
36.081195
35.951697
35.823741
35.698895
35.574751
35.450521
35.328555
35.208822
35.093609
34.982082
34.877244
34.777482
34.680461
34.586900
34.495259
34.407007
34.322106
34.244219
34.172530
34.106977
34.048233
33.997705
33.956789
33.925429
33.904307
33.891208
33.887571
33.892663
33.907947
33.934176
33.972123
34.021122
34.081990
34.154832
34.239777
34.335488
34.442113
34.558313
34.684999
34.820832
34.965211
35.115984
35.274048
35.436413
35.602366
35.771968
35.942876
36.114292
36.285390
36.456961
36.628168
36.799814
36.971888
37.141001
37.307921
37.474294
37.637507
37.800080
37.957619
38.112649
38.264224
38.223597
38.080162
37.942780
37.811362
37.685820
37.566074
37.452900
37.345362
37.244236
37.149446
37.060081
36.978596
36.903242
36.832295
36.768209
36.710102
36.657101
36.609999
36.566288
36.527595
36.492251
36.461061
36.434830
36.412720
36.395538
36.381638
36.371832
36.366113
36.363663
36.363663
36.366113
36.369381
36.375100
36.382456
36.389813
36.397992
36.405355
36.411901
36.418450
36.425819
36.434010
36.443024
36.450401
36.458601
36.465163
36.469265
36.470906
36.469265
36.465983
36.458601
36.447942
36.434010
36.415994
36.393902
36.366930
36.336726
36.302489
36.266677
36.227673
36.187114
36.145011
36.102985
36.061038
36.018364
35.974968
35.931655
35.888427
35.846080
35.805407
35.766399
35.729048
35.692552
35.658491
35.626853
35.597629
35.570809
35.546383
35.524345
35.505472
35.488972
35.476409
35.469346
35.466992
35.468561
35.474055
35.484260
35.499185
35.519625
35.543233
35.571597
35.603945
35.640294
35.679872
35.722697
35.769581
35.821348
35.878032
35.939670
36.007105
36.077162
36.151483
36.229296
36.310636
36.395538
36.484039
36.574529
36.666202
36.761561
36.858145
36.957640
37.058398
37.161275
37.264597
37.370070
37.476007
37.582408
37.689275
37.794875
37.897445
37.996068
38.092449
38.185678
38.275717
38.273949
38.190085
38.111770
38.037203
37.964605
37.895703
37.832203
37.773199
37.720388
37.671144
37.626305
37.586708
37.554046
37.524859
37.501706
37.483714
37.469158
37.458033
37.450334
37.444348
37.440073
37.437508
37.436654
37.437508
37.440928
37.446913
37.457178
37.470014
37.486283
37.505992
37.530007
37.555764
37.583268
37.611664
37.640093
37.670281
37.700506
37.729038
37.757603
37.785335
37.812230
37.838285
37.863497
37.886994
37.907899
37.927078
37.944525
37.960239
37.973341
37.984702
37.995193
38.003939
38.010064
38.013564
38.014439
38.014439
38.013564
38.011814
38.007439
38.002190
37.995193
37.986450
37.975088
37.963732
37.948889
37.934055
37.917487
37.900929
37.883512
37.865237
37.845237
37.825254
37.805286
37.783601
37.762801
37.741153
37.721253
37.701370
37.682366
37.664240
37.646989
37.632336
37.617691
37.605637
37.595310
37.586708
37.579828
37.573810
37.569512
37.565215
37.561778
37.560059
37.558341
37.556623
37.554905
37.554046
37.554905
37.555764
37.559200
37.564355
37.571231
37.578968
37.588428
37.597892
37.608220
37.617691
37.627166
37.637507
37.649576
37.662514
37.676323
37.691866
37.707420
37.722983
37.738556
37.754139
37.769732
37.784468
37.800948
37.819175
37.837416
37.856540
37.873938
37.890477
37.907028
37.924462
37.941907
37.960239
37.978584
37.996068
38.011814
38.024943
38.035452
38.043336
38.048593
38.051222
38.052099
38.052099
38.051222
38.049470
38.047717
38.045964
38.045088
38.045964
38.049470
38.055605
38.063496
38.073143
38.085427
38.099473
38.116163
38.134623
38.153097
38.171584
38.189203
38.206835
38.225362
38.243019
38.260688
38.276602
38.292525
38.306687
38.313771
38.298720
38.285447
38.274833
38.264224
38.254503
38.243902
38.233306
38.220949
38.205953
38.190085
38.170703
38.150457
38.130227
38.110013
38.088938
38.069634
38.052099
38.037203
38.023192
38.010064
37.996068
37.982080
37.967226
37.950635
37.934055
37.917487
37.901800
37.886994
37.873938
37.859148
37.843499
37.828728
37.814834
37.800948
37.788804
37.777532
37.768866
37.763667
37.759336
37.757603
37.755005
37.754139
37.754139
37.754139
37.755005
37.756737
37.761934
37.769732
37.779266
37.793140
37.807890
37.822648
37.840023
37.860018
37.882641
37.908771
37.936672
37.966352
37.995193
38.024068
38.052099
38.079284
38.104743
38.127589
38.147817
38.166300
38.182154
38.196255
38.207717
38.218302
38.228010
38.235955
38.243019
38.250969
38.258921
38.266876
38.276602
38.286331
38.297835
38.312000
38.310229
38.294295
38.279255
38.265108
38.252736
38.240370
38.228892
38.219185
38.211245
38.205071
38.200663
38.198018
38.198899
38.204190
38.212127
38.222714
38.234189
38.247435
38.259805
38.271296
38.281908
38.291640
38.301375
38.312886
38.312000
38.301375
38.290755
38.278370
38.265108
38.250969
38.236838
38.222714
38.208599
38.194492
38.182154
38.171584
38.161018
38.151337
38.142539
38.134623
38.129348
38.126710
38.124952
38.124073
38.124073
38.124073
38.124952
38.124952
38.125831
38.126710
38.129348
38.133744
38.139020
38.144298
38.150457
38.157497
38.165420
38.173345
38.183035
38.194492
38.205953
38.216538
38.228892
38.239487
38.250085
38.259805
38.267760
38.276602
38.284562
38.293410
38.303146
38.312886
38.314657
38.304916
38.294295
38.284562
38.274833
38.266876
38.261572
38.258037
38.255386
38.251852
38.247435
38.243019
38.238604
38.234189
38.229775
38.225362
38.220067
38.215656
38.211245
38.207717
38.203308
38.199781
38.197136
38.192729
38.188322
38.183916
38.177749
38.171584
38.164540
38.155737
38.145178
38.133744
38.123194
38.111770
38.099473
38.084549
38.069634
38.052975
38.036327
38.017940
37.998691
37.978584
37.957619
37.934055
37.910514
37.886124
37.860888
37.835678
37.808758
37.780133
37.748944
37.717794
37.687548
37.658201
37.629751
37.603916
37.579828
37.558341
37.538590
37.520570
37.504278
37.490566
37.477719
37.467446
37.458033
37.449479
37.443493
37.439218
37.437508
37.438363
37.441783
37.447769
37.456322
37.468302
37.483714
37.501706
37.523143
37.548034
37.575529
37.607359
37.640954
37.677186
37.715200
37.754139
37.794007
37.833071
37.873067
37.914000
37.956746
38.001315
38.045964
38.092449
38.139900
38.190966
38.242136
38.294295
38.292525
38.244785
38.199781
38.157497
38.117042
38.077530
38.039831
38.003065
37.968973
37.936672
37.907028
37.880900
37.856540
37.835678
37.816570
37.800080
37.785335
37.772332
37.761934
37.754139
37.748078
37.742884
37.739422
37.737691
37.735960
37.735960
37.738556
37.743749
37.750675
37.760202
37.769732
37.781000
37.794007
37.808758
37.825254
37.842630
37.860018
37.880030
37.899187
37.920102
37.941907
37.964605
37.987324
38.010939
38.034576
38.055605
38.076652
38.097717
38.117921
38.137262
38.156617
38.176868
38.196255
38.216538
38.236838
38.255386
38.272180
38.288101
38.302261
38.316428
38.306687
38.294295
38.281908
38.270412
38.258921
38.249202
38.240370
38.231540
38.221832
38.213009
38.205071
38.197136
38.190085
38.182154
38.173345
38.165420
38.158377
38.151337
38.146058
38.142539
38.139900
38.139900
38.140780
38.142539
38.146058
38.150457
38.156617
38.162779
38.168942
38.175988
38.183916
38.193610
38.203308
38.213891
38.224479
38.235955
38.248319
38.259805
38.271296
38.282793
38.293410
38.304916
38.316428
38.307573
38.296065
38.282793
38.270412
38.258037
38.244785
38.231540
38.219185
38.206835
38.196255
38.186560
38.177749
38.168942
38.160138
38.151337
38.141659
38.133744
38.125831
38.119678
38.114406
38.110013
38.106499
38.103864
38.102986
38.102986
38.103864
38.106499
38.109135
38.111770
38.115285
38.119678
38.123194
38.126710
38.130227
38.132865
38.135503
38.138141
38.141659
38.146937
38.151337
38.155737
38.160138
38.163659
38.167181
38.173345
38.180392
38.189203
38.198018
38.206835
38.215656
38.225362
38.235072
38.244785
38.254503
38.264224
38.273065
38.282793
38.291640
38.301375
38.309344
38.317314
38.312000
38.306687
38.300490
38.294295
38.287216
38.278370
38.267760
38.258037
38.247435
38.237721
38.227127
38.217420
38.207717
38.198899
38.190966
38.184797
38.178630
38.172465
38.168061
38.162779
38.158377
38.154857
38.153097
38.152217
38.152217
38.152217
38.153977
38.155737
38.159258
38.163659
38.167181
38.170703
38.174226
38.178630
38.182154
38.184797
38.187441
38.190966
38.195373
38.199781
38.205071
38.209481
38.213891
38.218302
38.221832
38.224479
38.228010
38.232423
38.237721
38.242136
38.247435
38.252736
38.259805
38.267760
38.275717
38.283677
38.292525
38.300490
38.308458
38.315543
38.313771
38.306687
38.299605
38.293410
38.288985
38.285447
38.282793
38.281024
38.278370
38.276602
38.276602
38.277486
38.280139
38.283677
38.288101
38.291640
38.296065
38.300490
38.305802
38.312000
38.318200
38.313771
38.308458
38.302261
38.297835
38.292525
38.288101
38.283677
38.280139
38.274833
38.269528
38.265108
38.261572
38.258921
38.258037
38.258921
38.262456
38.267760
38.273065
38.279255
38.285447
38.292525
38.300490
38.309344
38.318200
38.309344
38.301375
38.293410
38.286331
38.280139
38.275717
38.270412
38.265992
38.262456
38.258921
38.257154
38.255386
38.254503
38.255386
38.258921
38.265108
38.273065
38.281908
38.291640
38.302261
38.312000
38.314657
38.305802
38.296950
38.288985
38.281908
38.274833
38.269528
38.264224
38.258921
38.253619
38.246552
38.239487
38.231540
38.221832
38.212127
38.202426
38.192729
38.183916
38.174226
38.167181
38.161018
38.155737
38.148697
38.142539
38.136382
38.129348
38.122315
38.115285
38.110013
38.105621
38.102986
38.102108
38.103864
38.107378
38.112649
38.118800
38.126710
38.135503
38.144298
38.155737
38.167181
38.180392
38.195373
38.210363
38.226244
38.243902
38.262456
38.281908
38.303146
38.311115
38.288985
38.265108
38.242136
38.218302
38.193610
38.168942
38.145178
38.123194
38.102986
38.083672
38.067003
38.051222
38.036327
38.022317
38.010064
37.997817
37.986450
37.975962
37.967226
37.959366
37.952381
37.947144
37.942780
37.939290
37.937545
37.936672
37.937545
37.940162
37.943653
37.948889
37.955873
37.963732
37.972467
37.982954
37.994319
38.004814
38.014439
38.022317
38.030197
38.038079
38.045964
38.053852
38.061742
38.070512
38.080162
38.089816
38.100351
38.112649
38.124073
38.138141
38.152217
38.167181
38.182154
38.197136
38.213009
38.227127
38.240370
38.253619
38.266876
38.281024
38.296065
38.312886
38.305802
38.288985
38.273065
38.258921
38.245669
38.234189
38.223597
38.213891
38.205071
38.196255
38.187441
38.177749
38.168061
38.158377
38.150457
38.141659
38.134623
38.127589
38.121436
38.114406
38.108256
38.102108
38.097717
38.093327
38.089816
38.086305
38.082794
38.077530
38.071389
38.065249
38.059112
38.052975
38.045088
38.038079
38.030197
38.023192
38.016189
38.010939
38.007439
38.006564
38.007439
38.011814
38.017065
38.024943
38.032824
38.042460
38.052099
38.062619
38.074020
38.085427
38.097717
38.109135
38.120557
38.132865
38.146937
38.161018
38.175988
38.190085
38.204190
38.219185
38.235955
38.253619
38.273949
38.296065
38.316428
38.290755
38.264224
38.237721
38.212127
38.186560
38.161018
38.137262
38.114406
38.092449
38.070512
38.048593
38.027570
38.007439
37.987324
37.968973
37.950635
37.933183
37.915743
37.898316
37.882641
37.866977
37.853061
37.838285
37.823517
37.808758
37.793140
37.778399
37.764533
37.750675
37.736825
37.725578
37.714335
37.706555
37.700506
37.697050
37.695322
37.695322
37.697914
37.701370
37.705691
37.712606
37.720388
37.729903
37.740287
37.753273
37.767133
37.781867
37.797477
37.813966
37.831334
37.849584
37.867847
37.886124
37.904414
37.920974
37.937545
37.953254
37.968973
37.982954
37.995193
38.007439
38.018815
38.027570
38.036327
38.044212
38.052975
38.061742
38.071389
38.081039
38.089816
38.096839
38.102108
38.106499
38.109135
38.110013
38.110013
38.108256
38.105621
38.100351
38.095083
38.088938
38.083672
38.077530
38.070512
38.061742
38.052975
38.044212
38.034576
38.024943
38.015314
38.005689
37.996942
37.989073
37.979458
37.967226
37.953254
37.938417
37.922718
37.905285
37.889606
37.874808
37.860888
37.849584
37.838285
37.826991
37.816570
37.806154
37.798345
37.791405
37.786202
37.781867
37.779266
37.778399
37.779266
37.784468
37.793140
37.805286
37.820043
37.837416
37.857409
37.880900
37.907899
37.938417
37.970720
38.007439
38.045088
38.086305
38.130227
38.176868
38.226244
38.279255
38.300490
38.240370
38.177749
38.113527
38.048593
37.982954
37.917487
37.852192
37.787936
37.723848
37.659063
37.594450
37.530007
37.466590
37.403339
37.339401
37.277331
37.217115
37.158740
37.101350
37.046621
36.992857
36.941726
36.892377
36.845633
36.800646
36.759069
36.720053
36.681930
36.644697
36.609174
36.573705
36.540760
36.509505
36.479934
36.452041
36.425819
36.403718
36.384908
36.370198
36.361213
36.356313
36.357130
36.362846
36.373466
36.388178
36.407809
36.430734
36.458601
36.491429
36.528417
36.570408
36.616604
36.667030
36.720882
36.778185
36.838129
36.901570
36.968535
37.039893
37.115684
37.196794
37.282427
37.371775
37.466590
37.566074
37.671144
37.781000
37.897445
38.020566
38.148697
38.281908
38.218302
38.079284
37.935800
37.787936
37.636645
37.481144
37.324081
37.162120
36.995374
36.823962
36.648831
36.470086
36.287832
36.103793
35.916436
35.727460
35.536935
35.343373
35.147659
34.949120
34.748632
34.546288
34.342927
34.138622
33.934176
33.731803
33.532201
33.336747
33.144658
32.954492
32.768977
32.585978
32.408152
32.234719
32.066250
31.903291
31.746371
31.596642
31.453305
31.316855
31.187774
31.065911
30.951121
30.844500
30.745899
30.655787
30.574633
30.501105
30.435099
30.377719
30.327683
30.285515
30.252335
30.227497
30.208600
30.196800
30.193262
30.197980
30.212141
30.234590
30.265954
30.306288
30.355660
30.412959
30.478872
30.551694
30.632731
30.720275
30.815041
30.916532
31.025488
31.140798
31.262583
31.389068
31.519704
31.652638
31.791154
31.934714
32.082100
32.232054
32.385289
32.539834
32.694329
32.848061
33.000985
33.153061
33.302833
33.449514
33.592298
33.727474
33.855593
33.973584
34.081255
34.174006
34.251624
34.308733
34.351856
34.378668
34.389104
34.380159
34.352600
34.303535
34.234597
34.140832
34.024052
33.886116
33.728917
33.546493
33.343112
33.113879
32.863918
32.591415
32.300146
31.986553
31.655217
31.305481
30.940613
30.560142
30.165575
29.757315
29.339815
28.911821
28.478176
28.036224
27.590204
27.146349
26.706522
26.270659
25.840889
25.417477
25.002248
24.594929
24.198156
23.812102
23.437867
23.074786
22.725218
22.389077
22.067820
21.761523
21.470871
21.195379
20.935197
20.688201
20.455176
20.237480
20.034853
19.845183
19.668188
19.503071
19.349937
19.208540
19.078666
18.959677
18.851166
18.752352
18.663832
18.585215
18.516037
18.455910
18.405044
18.362752
18.329476
18.304239
18.287047
18.278738
18.279924
18.288500
18.304239
18.326148
18.354311
18.388163
18.427962
18.472894
18.522134
18.574409
18.632087
18.693779
18.758468
18.824643
18.892954
18.961806
19.032133
19.101634
19.171208
19.240518
19.310187
19.377558
19.443860
19.506817
19.567489
19.623334
19.675938
19.723941
19.766303
19.801610
19.834801
19.865281
19.892632
19.915877
19.936814
19.955042
19.971092
19.983256
19.993947
20.002591
20.011062
20.013700
20.013888
20.021433
20.036746
20.060656
20.094242
20.137883
20.191247
20.254232
20.329978
20.419427
20.522616
20.640503
20.773101
20.921586
21.088677
21.276741
21.488249
21.735979
22.024248
22.344528
22.699044
23.089000
23.517163
23.984801
24.495552
25.050286
25.651519
26.300421
27.006138
27.771503
28.598116
29.490420
30.452474
31.486472
32.594813
33.796135
35.092838
36.448762
37.865237
37.341955
36.015951
34.798765
33.684231
32.664964
31.734708
30.890638
30.131477
29.453886
28.842269
28.295078
27.807779
27.378279
27.001944
26.677480
26.403010
26.179686
26.002125
25.871172
25.783926
25.740989
25.738494
25.776827
25.853496
25.970192
26.125206
26.320599
26.554421
26.831690
27.151539
27.514620
27.918733
28.369160
28.863260
29.406248
29.994669
30.631519
31.316223
32.051073
32.835660
33.671997
34.558313
35.496042
36.482397
37.516281
38.045964
36.995374
36.003085
35.067405
34.192460
33.381349
32.665646
32.043160
31.466691
30.936906
30.450076
30.006314
29.601704
29.237138
28.908578
28.616092
28.355141
28.125172
27.923754
27.751175
27.605866
27.487910
27.393193
27.322631
27.268666
27.230606
27.204982
27.190770
27.186984
27.191717
27.204508
27.223482
27.249145
27.279631
27.314497
27.351383
27.391267
27.431282
27.470943
27.507330
27.539926
27.564308
27.573097
27.557476
27.532621
27.497131
27.453999
27.396081
27.326461
27.243438
27.147764
27.035544
26.910957
26.770764
26.619166
26.453106
26.275468
26.084309
25.881707
25.665551
25.429173
25.170251
24.903061
24.623468
24.336620
24.047213
23.758116
23.465077
23.171404
22.876426
22.582850
22.290557
22.002170
21.716379
21.436262
21.160913
20.892687
20.630547
20.376434
20.129202
19.890976
19.660274
19.438651
19.223940
19.017338
18.820656
18.634358
18.455636
18.285200
18.121709
17.965453
17.815586
17.672753
17.536051
17.405788
17.281169
17.163515
17.052285
16.947216
16.847884
16.754818
16.666760
16.584101
16.505200
16.430794
16.358473
16.289309
16.228992
16.177124
16.129671
16.086915
16.048051
16.013377
15.981935
15.953415
15.927423
15.905887
15.887877
15.873099
15.860560
15.850952
15.843030
15.837491
15.832308
15.828182
15.823007
15.817836
15.803049
15.781066
15.762549
15.748158
15.736740
15.728536
15.722068
15.717502
15.713197
15.711649
15.711993
15.713972
15.715780
15.718880
15.721465
15.724310
15.724396
15.723017
15.725517
15.732248
15.737950
15.743657
15.747638
15.751189
15.752575
15.752922
15.751362
15.747812
15.740803
15.733284
15.724224
15.713886
15.701076
15.686925
15.669224
15.649367
15.624417
15.595965
15.552707
15.498511
15.446253
15.396633
15.348884
15.303688
15.260061
15.218829
15.178727
15.139751
15.100937
15.064789
15.030305
14.997873
14.965843
14.935053
14.903530
14.872542
14.833812
14.790611
14.752601
14.720082
14.692326
14.669400
14.650319
14.635437
14.624086
14.616726
14.612457
14.611447
14.612990
14.616565
14.620962
14.630151
14.645221
14.664990
14.688624
14.716997
14.749858
14.787977
14.830842
14.879241
14.932725
14.992020
15.056810
15.128117
15.205506
15.289791
15.380947
15.478833
15.582343
15.691210
15.803311
15.907931
16.002640
16.100803
16.200552
16.302280
16.405270
16.510329
16.616557
16.724509
16.833366
16.944122
17.056272
17.170246
17.284874
17.400115
17.515016
17.628073
17.737882
17.852823
17.972259
18.093461
18.216411
18.342145
18.469465
18.599707
18.732023
18.867986
19.007807
19.152493
19.301689
19.456825
19.617582
19.785187
19.959703
20.141552
20.330379
20.525730
20.725967
20.916240
21.090053
21.269643
21.454274
21.645611
21.842397
22.046399
22.257106
22.475050
22.700218
22.934994
23.180788
23.438837
23.709157
23.992059
24.286766
24.592339
24.907269
25.212806
25.501260
25.798138
26.101940
26.411860
26.727896
27.051444
27.381164
27.718519
28.062083
28.415475
28.777345
29.148374
29.527045
29.910505
30.299162
30.697736
31.108305
31.528022
31.955038
32.390666
32.832906
33.282372
33.739021
34.202062
34.669877
35.143021
35.621322
36.102985
36.586896
37.071864
37.560059
38.048593
38.105621
37.644403
37.206952
36.788997
36.387361
36.003889
35.637131
35.287273
34.954483
34.638156
34.339951
34.059235
33.798307
33.557219
33.336039
33.131361
32.944791
32.773781
32.619301
32.479615
32.355745
32.245385
32.148959
32.063609
31.991811
31.931438
31.882374
31.842570
31.813264
31.793104
31.783358
31.784007
31.795054
31.815867
31.845177
31.883027
31.928163
31.981297
32.039864
32.103917
32.171522
32.238718
32.307505
32.375884
32.443848
32.510714
32.574431
32.634964
32.690912
32.742234
32.786827
32.826021
32.861849
32.892909
32.917103
32.935096
32.945484
32.948255
32.941328
32.925405
32.897054
32.856332
32.801945
32.736752
32.660188
32.572394
32.472861
32.363127
32.242051
32.111857
31.968819
31.812613
31.645548
31.470518
31.284018
31.088965
30.886326
30.677660
30.462068
30.242277
30.015637
29.783695
29.546239
29.305323
29.060705
28.814867
28.564341
28.313171
28.062591
27.814747
27.568702
27.323588
27.083308
26.848236
26.615559
26.387539
26.163227
25.945138
25.732672
25.526898
25.327591
25.134929
24.946761
24.764483
24.586421
24.413921
24.246443
24.085228
23.928673
23.777983
23.629964
23.487173
23.350707
23.221900
23.097356
22.978154
22.861706
22.749712
22.640859
22.536778
22.437024
22.341177
22.247185
22.157181
22.069966
21.985726
21.903328
21.823505
21.745419
21.671047
21.597537
21.527096
21.461347
21.400638
21.341962
21.286456
21.232866
21.182781
21.134501
21.088677
21.044346
21.002157
20.960945
20.923370
20.888032
20.855554
20.824576
20.796817
20.770062
20.745810
20.722308
20.700832
20.683071
20.669840
20.658980
20.651539
20.645806
20.642836
20.641775
20.644108
20.648353
20.654727
20.662810
20.675384
20.692052
20.712634
20.737389
20.766591
20.799652
20.837298
20.878070
20.923370
20.974875
21.033656
21.097859
21.168581
21.245100
21.328814
21.418788
21.515023
21.617273
21.724772
21.837734
21.958761
22.087157
22.222995
22.365226
22.516142
22.674427
22.841325
23.015128
23.197081
23.386292
23.584063
23.788778
24.001746
24.221556
24.449544
24.684923
24.928337
25.177724
25.431998
25.690360
25.957021
26.230085
26.508337
26.791342
27.080493
27.375394
27.675602
27.980119
28.289396
28.601815
28.918308
29.237138
29.559803
29.883902
30.209190
30.534813
30.860480
31.183384
31.502441
31.813914
32.123112
32.429022
32.729903
33.024623
33.313424
33.593731
33.867215
34.131258
34.386122
34.630610
34.866559
35.090524
35.305178
35.508617
35.702067
35.883629
36.056203
36.217932
36.369381
36.511971
36.646350
36.773197
36.889871
36.997892
37.098821
37.192563
37.278180
37.357287
37.431525
37.499992
37.562637
37.620275
37.672007
37.720388
37.764533
37.803551
37.839154
37.871327
37.900929
37.926206
37.947144
37.965479
37.980332
37.991696
38.000441
38.006564
38.010064
38.010939
38.010064
38.008314
38.005689
38.001315
37.996068
37.989073
37.981206
37.971594
37.960239
37.948889
37.937545
37.925334
37.914871
37.902671
37.892219
37.881771
37.872197
37.862627
37.854800
37.846976
37.839154
37.833940
37.830465
37.828728
37.829597
37.833071
37.839154
37.845237
37.852192
37.860888
37.871327
37.881771
37.892219
37.904414
37.915743
37.926206
37.937545
37.948889
37.960239
37.971594
37.982954
37.994319
38.007439
38.021441
38.036327
38.052099
38.066126
38.080162
38.094205
38.108256
38.123194
38.139020
38.154857
38.171584
38.187441
38.204190
38.220067
38.235072
38.248319
38.261572
38.274833
38.288985
38.302261
38.315543
38.308458
38.295180
38.282793
38.270412
38.258037
38.246552
38.235955
38.226244
38.217420
38.209481
38.200663
38.193610
38.187441
38.182154
38.177749
38.174226
38.171584
38.170703
38.170703
38.171584
38.172465
38.173345
38.173345
38.174226
38.175107
38.176868
38.177749
38.178630
38.179511
38.181273
38.183035
38.185678
38.187441
38.189203
38.190085
38.190966
38.191847
38.194492
38.197136
38.199781
38.201544
38.202426
38.205071
38.206835
38.208599
38.211245
38.212127
38.212127
38.213009
38.213009
38.213891
38.214773
38.216538
38.219185
38.221832
38.225362
38.230658
38.235955
38.241253
38.246552
38.250969
38.255386
38.258037
38.259805
38.260688
38.261572
38.261572
38.259805
38.258921
38.257154
38.256270
38.255386
38.255386
38.254503
38.254503
38.255386
38.257154
38.258921
38.260688
38.263340
38.265992
38.268644
38.271296
38.274833
38.278370
38.281908
38.286331
38.292525
38.300490
38.310229
38.313771
38.301375
38.287216
38.273065
38.258037
38.241253
38.224479
38.207717
38.190966
38.174226
38.157497
38.139900
38.122315
38.105621
38.090693
38.074898
38.060865
38.046841
38.033700
38.020566
38.009189
37.998691
37.988198
37.977710
37.967226
37.956746
37.945398
37.935800
37.925334
37.915743
37.907899
37.900058
37.892219
37.886124
37.880900
37.876548
37.873938
37.873067
37.874808
37.877419
37.881771
37.886994
37.892219
37.898316
37.905285
37.912257
37.920102
37.928822
37.938417
37.947144
37.957619
37.968099
37.978584
37.990821
38.003065
38.017065
38.033700
38.052099
38.072266
38.091571
38.110892
38.131106
38.150457
38.170703
38.190966
38.209481
38.228010
38.245669
38.262456
38.277486
38.292525
38.306687
38.316428
38.304031
38.292525
38.282793
38.274833
38.268644
38.263340
38.260688
38.259805
38.259805
38.261572
38.264224
38.268644
38.273065
38.277486
38.281024
38.284562
38.288101
38.290755
38.292525
38.294295
38.296065
38.298720
38.301375
38.304916
38.307573
38.311115
38.315543
38.316428
38.312000
38.306687
38.302261
38.296950
38.290755
38.285447
38.280139
38.275717
38.270412
38.265108
38.258921
38.253619
38.247435
38.241253
38.235072
38.229775
38.225362
38.222714
38.221832
38.221832
38.222714
38.226244
38.229775
38.234189
38.238604
38.243019
38.247435
38.252736
38.257154
38.261572
38.265108
38.269528
38.274833
38.280139
38.285447
38.291640
38.297835
38.304031
38.311115
38.317314
38.311115
38.303146
38.294295
38.284562
38.274833
38.265108
38.256270
38.247435
38.238604
38.230658
38.221832
38.213891
38.207717
38.201544
38.197136
38.193610
38.190966
38.188322
38.186560
38.185678
38.185678
38.185678
38.186560
38.187441
38.189203
38.190085
38.191847
38.192729
38.193610
38.193610
38.194492
38.194492
38.195373
38.195373
38.196255
38.198018
38.198899
38.200663
38.203308
38.207717
38.212127
38.216538
38.220067
38.224479
38.228892
38.234189
38.238604
38.243019
38.246552
38.248319
38.249202
38.248319
38.247435
38.245669
38.243902
38.242136
38.240370
38.237721
38.235072
38.231540
38.227127
38.220067
38.213009
38.203308
38.193610
38.183035
38.170703
38.156617
38.142539
38.128468
38.115285
38.102986
38.091571
38.081039
38.070512
38.059988
38.049470
38.039831
38.031072
38.022317
38.015314
38.010064
38.003939
37.999566
37.997817
37.996942
37.996942
37.996942
37.997817
37.998691
37.999566
38.000441
38.001315
38.003065
38.004814
38.006564
38.009189
38.011814
38.014439
38.017940
38.022317
38.025819
38.030197
38.034576
38.038955
38.044212
38.049470
38.055605
38.060865
38.066126
38.071389
38.078407
38.085427
38.094205
38.102986
38.112649
38.121436
38.130227
38.139020
38.146937
38.153977
38.161018
38.167181
38.173345
38.179511
38.185678
38.190966
38.195373
38.199781
38.203308
38.205071
38.207717
38.209481
38.210363
38.211245
38.211245
38.209481
38.206835
38.203308
38.200663
38.198018
38.195373
38.193610
38.190966
38.188322
38.184797
38.180392
38.175107
38.170703
38.167181
38.162779
38.159258
38.156617
38.153097
38.151337
38.149577
38.147817
38.146937
38.146937
38.146937
38.147817
38.149577
38.152217
38.155737
38.161018
38.168061
38.175988
38.183916
38.192729
38.201544
38.211245
38.220067
38.228892
38.238604
38.248319
38.256270
38.262456
38.267760
38.273065
38.278370
38.283677
38.289870
38.296065
38.303146
38.311115
38.318200
38.309344
38.301375
38.292525
38.282793
38.273065
38.262456
38.250969
38.238604
38.226244
38.213009
38.198899
38.184797
38.169823
38.153977
38.138141
38.122315
38.105621
38.088938
38.074020
38.059112
38.045088
38.032824
38.021441
38.010939
38.002190
37.993444
37.984702
37.976836
37.969846
37.962859
37.957619
37.952381
37.948016
37.943653
37.939290
37.935800
37.934055
37.932311
37.931438
37.932311
37.934055
37.935800
37.939290
37.943653
37.948889
37.955873
37.963732
37.971594
37.980332
37.991696
38.003065
38.015314
38.027570
38.039831
38.054728
38.068757
38.084549
38.100351
38.117042
38.133744
38.152217
38.169823
38.187441
38.203308
38.219185
38.235955
38.251852
38.267760
38.283677
38.299605
38.315543
38.304916
38.289870
38.276602
38.263340
38.250969
38.239487
38.228010
38.217420
38.207717
38.200663
38.193610
38.187441
38.181273
38.175107
38.169823
38.164540
38.161018
38.158377
38.156617
38.156617
38.156617
38.156617
38.158377
38.159258
38.161018
38.162779
38.165420
38.168942
38.172465
38.175988
38.179511
38.182154
38.185678
38.187441
38.188322
38.189203
38.188322
38.186560
38.184797
38.182154
38.179511
38.175988
38.172465
38.168942
38.166300
38.163659
38.161018
38.160138
38.158377
38.156617
38.155737
38.154857
38.153977
38.153097
38.152217
38.151337
38.151337
38.150457
38.150457
38.152217
38.153097
38.154857
38.158377
38.161898
38.166300
38.170703
38.174226
38.178630
38.183035
38.188322
38.192729
38.198018
38.201544
38.204190
38.207717
38.210363
38.213891
38.219185
38.223597
38.229775
38.235955
38.243019
38.249202
38.255386
38.262456
38.270412
38.279255
38.288985
38.299605
38.310229
38.314657
38.304031
38.292525
38.281908
38.270412
38.258921
38.247435
38.236838
38.226244
38.216538
38.205953
38.193610
38.180392
38.165420
38.150457
38.132865
38.115285
38.096839
38.076652
38.056482
38.035452
38.013564
37.991696
37.968973
37.944525
37.920102
37.895703
37.871327
37.846976
37.823517
37.800948
37.777532
37.753273
37.730768
37.708284
37.685820
37.663377
37.641817
37.619414
37.598752
37.579828
37.561778
37.544599
37.526575
37.510279
37.494850
37.480288
37.465735
37.452900
37.440073
37.428962
37.419563
37.411877
37.405900
37.401632
37.399925
37.400778
37.402485
37.406754
37.414439
37.424689
37.437508
37.452900
37.472582
37.493994
37.518854
37.545458
37.574669
37.607359
37.642679
37.679776
37.717794
37.757603
37.798345
37.840023
37.881771
37.923590
37.966352
38.008314
38.050346
38.092449
38.135503
38.179511
38.221832
38.263340
38.303146
38.293410
38.255386
38.219185
38.182154
38.146058
38.110013
38.074898
38.042460
38.011814
37.984702
37.959366
37.935800
37.915743
37.897445
37.881771
37.868717
37.856540
37.846106
37.838285
37.833071
37.829597
37.826122
37.824385
37.823517
37.822648
37.823517
37.824385
37.825254
37.826991
37.828728
37.831334
37.833071
37.835678
37.837416
37.839154
37.842630
37.845237
37.846976
37.850453
37.853931
37.859148
37.866107
37.873938
37.882641
37.891348
37.900929
37.912257
37.923590
37.935800
37.948016
37.959366
37.972467
37.984702
37.996068
38.006564
38.017065
38.027570
38.038079
38.048593
38.059988
38.073143
38.086305
38.099473
38.111770
38.124073
38.137262
38.150457
38.163659
38.177749
38.190966
38.203308
38.214773
38.227127
38.240370
38.252736
38.265108
38.276602
38.288985
38.300490
38.312000
38.312886
38.304031
38.296065
38.290755
38.286331
38.282793
38.280139
38.277486
38.276602
38.275717
38.276602
38.278370
38.281024
38.285447
38.288985
38.291640
38.294295
38.296065
38.298720
38.303146
38.307573
38.311115
38.315543
38.316428
38.312886
38.308458
38.304916
38.300490
38.296950
38.292525
38.285447
38.278370
38.271296
38.262456
38.254503
38.245669
38.236838
38.227127
38.218302
38.208599
38.199781
38.191847
38.183916
38.177749
38.173345
38.170703
38.169823
38.168942
38.169823
38.170703
38.173345
38.176868
38.181273
38.184797
38.188322
38.190966
38.193610
38.195373
38.197136
38.199781
38.204190
38.209481
38.214773
38.219185
38.225362
38.230658
38.236838
38.242136
38.247435
38.252736
38.256270
38.260688
38.264224
38.267760
38.271296
38.274833
38.277486
38.281024
38.283677
38.285447
38.287216
38.289870
38.292525
38.294295
38.296065
38.296950
38.297835
38.298720
38.298720
38.298720
38.298720
38.298720
38.299605
38.300490
38.302261
38.303146
38.304031
38.304916
38.304916
38.304916
38.304916
38.304916
38.304031
38.303146
38.302261
38.301375
38.301375
38.301375
38.302261
38.303146
38.304916
38.307573
38.311115
38.313771
38.316428
38.317314
38.314657
38.312000
38.310229
38.309344
38.307573
38.304031
38.300490
38.296950
38.292525
38.288101
38.283677
38.280139
38.275717
38.271296
38.265108
38.258921
38.251852
38.244785
38.238604
38.232423
38.225362
38.219185
38.212127
38.205071
38.198899
38.191847
38.186560
38.182154
38.177749
38.174226
38.170703
38.167181
38.163659
38.159258
38.156617
38.153977
38.152217
38.151337
38.150457
38.150457
38.149577
38.150457
38.150457
38.150457
38.151337
38.152217
38.153097
38.154857
38.156617
38.159258
38.162779
38.167181
38.171584
38.176868
38.182154
38.187441
38.192729
38.198018
38.204190
38.211245
38.218302
38.225362
38.232423
38.239487
38.247435
38.258037
38.269528
38.283677
38.298720
38.314657
38.304916
38.287216
38.268644
38.250085
38.231540
38.213009
38.195373
38.176868
38.160138
38.143418
38.126710
38.110013
38.091571
38.073143
38.053852
38.033700
38.011814
37.989947
37.968099
37.947144
37.925334
37.904414
37.884382
37.865237
37.846106
37.827859
37.809626
37.791405
37.773199
37.755005
37.736825
37.720388
37.703098
37.687548
37.672007
37.657338
37.641817
37.628889
37.618552
37.610803
37.603916
37.600473
37.598752
37.599613
37.602195
37.609081
37.617691
37.628028
37.641817
37.658201
37.676323
37.697050
37.720388
37.746346
37.774932
37.806154
37.840892
37.877419
37.918358
37.961985
38.009189
38.059988
38.111770
38.167181
38.225362
38.287216
38.286331
38.220949
38.153977
38.084549
38.013564
37.940162
37.866107
37.790538
37.714335
37.639231
37.566074
37.494850
37.424689
37.356435
37.290922
37.225587
37.162965
37.102193
37.044098
36.989500
36.936703
36.885694
36.838129
36.794821
36.754084
36.718394
36.686899
36.660410
36.638084
36.621559
36.610825
36.604221
36.603396
36.607523
36.616604
36.631473
36.649658
36.672823
36.699326
36.728349
36.759899
36.796485
36.835629
36.879847
36.927496
36.977757
37.031487
37.087024
37.144379
37.203566
37.264597
37.327485
37.391391
37.456322
37.522285
37.585848
37.648714
37.709148
37.767999
37.824385
37.877419
37.927950
37.976836
38.024943
38.072266
38.119678
38.166300
38.211245
38.254503
38.295180
38.303146
38.268644
38.237721
38.208599
38.182154
38.158377
38.139020
38.122315
38.109135
38.099473
38.093327
38.088938
38.086305
38.086305
38.087182
38.090693
38.095961
38.102108
38.109135
38.117921
38.125831
38.135503
38.144298
38.153977
38.164540
38.176868
38.190085
38.204190
38.219185
38.235072
38.253619
38.272180
38.292525
38.315543
38.296065
38.269528
38.242136
38.213891
38.183916
38.154857
38.124952
38.095961
38.066126
38.035452
38.003939
37.972467
37.939290
37.905285
37.868717
37.828728
37.786202
37.742018
37.697914
37.651301
37.603916
37.554905
37.505992
37.455467
37.403339
37.351323
37.298570
37.245932
37.193409
37.141001
37.087866
37.034009
36.981951
36.930844
36.882353
36.834795
36.788165
36.743288
36.700984
36.660410
36.623211
36.588546
36.557227
36.529240
36.504574
36.483218
36.465163
36.450401
36.438107
36.428276
36.421725
36.415994
36.412720
36.411901
36.413538
36.417631
36.425819
36.437288
36.452861
36.472547
36.496358
36.521837
36.550638
36.583598
36.618256
36.657101
36.699326
36.744119
36.791493
36.843131
36.896555
36.951776
37.010484
37.070181
37.131715
37.194255
37.256959
37.318977
37.380302
37.442638
37.505135
37.566934
37.628889
37.691866
37.753273
37.814834
37.876548
37.936672
37.996942
38.056482
38.117042
38.176868
38.236838
38.296950
38.281024
38.222714
38.166300
38.110892
38.058235
38.007439
37.960239
37.914871
37.872197
37.832203
37.794007
37.756737
37.721253
37.687548
37.654751
37.624582
37.595310
37.567793
37.542024
37.517997
37.494850
37.472582
37.451190
37.430671
37.411877
37.393098
37.373480
37.354731
37.335996
37.317276
37.300270
37.283276
37.267143
37.250173
37.234062
37.217962
37.201873
37.186640
37.173954
37.162965
37.152825
37.144379
37.136780
37.130027
37.123276
37.116528
37.110624
37.103036
37.095450
37.087866
37.080285
37.072706
37.065130
37.056715
37.049144
37.042416
37.035690
37.030647
37.024764
37.018043
37.011324
37.005447
36.999570
36.993696
36.989500
36.983628
36.977757
36.971050
36.963506
36.955964
36.947588
36.940052
36.931681
36.920803
36.909930
36.899063
36.888200
36.878177
36.868994
36.858979
36.849803
36.841464
36.833961
36.828128
36.823129
36.819797
36.816465
36.815632
36.816465
36.818964
36.823129
36.828961
36.836462
36.844799
36.853973
36.865655
36.878177
36.891542
36.904914
36.919966
36.935866
36.953451
36.972726
36.992857
37.013844
37.036531
37.060081
37.084496
37.109781
37.136780
37.164655
37.193409
37.221350
37.251021
37.281577
37.313023
37.347065
37.382860
37.420418
37.459744
37.499992
37.542024
37.585848
37.630613
37.676323
37.722983
37.771465
37.821780
37.872197
37.922718
37.972467
38.021441
38.069634
38.117042
38.162779
38.209481
38.257154
38.305802
38.281908
38.233306
38.184797
38.137262
38.090693
38.045088
38.000441
37.957619
37.916615
37.878289
37.840892
37.807022
37.774932
37.744615
37.717794
37.692730
37.670281
37.650438
37.632336
37.615108
37.598752
37.584988
37.571231
37.560059
37.551469
37.544599
37.540307
37.537731
37.537731
37.539448
37.544599
37.553187
37.563496
37.575529
37.591009
37.608220
37.628028
37.650438
37.673733
37.698778
37.725578
37.754139
37.784468
37.816570
37.850453
37.885253
37.920974
37.958492
37.998691
38.039831
38.081039
38.122315
38.164540
38.206835
38.249202
38.293410
38.299605
38.256270
38.213009
38.170703
38.128468
38.087182
38.046841
38.008314
37.971594
37.937545
37.904414
37.873067
37.843499
37.814834
37.787936
37.761934
37.736825
37.713471
37.691866
37.671144
37.651301
37.633198
37.618552
37.606498
37.596171
37.589288
37.585848
37.587568
37.594450
37.606498
37.621998
37.642679
37.665103
37.691002
37.719524
37.751541
37.787069
37.825254
37.866107
37.910514
37.957619
38.007439
38.060865
38.117042
38.175988
38.238604
38.304031
38.264224
38.194492
38.123194
38.051222
37.978584
37.906156
37.833071
37.760202
37.686684
37.611664
37.537731
37.463167
37.388832
37.314724
37.239148
37.161275
37.081970
37.000410
36.916621
36.830628
36.741628
36.649658
36.557227
36.463522
36.367747
36.271557
36.174151
36.075549
35.976573
35.875634
35.773559
35.671159
35.566867
35.462285
35.357421
35.252284
35.145340
35.038926
34.933042
34.826923
34.720579
34.614774
34.511004
34.408500
34.307990
34.210191
34.114332
34.021855
33.931260
33.843977
33.760690
33.681352
33.606634
33.536488
33.472289
33.413272
33.361513
33.316956
33.278142
33.245035
33.218310
33.197237
33.183202
33.176188
33.176188
33.183202
33.198642
33.221824
33.252778
33.292247
33.339575
33.395530
33.460898
33.535059
33.618828
33.712328
33.814244
33.925429
34.046034
34.175482
34.314676
34.463056
34.620805
34.786601
34.962145
35.145340
35.335573
35.533000
35.737784
35.948489
36.166863
36.390631
36.619908
36.855642
37.095450
37.340253
37.587568
37.835678
38.084549
38.301375
38.054728
37.813966
37.579828
37.354731
37.137624
36.928333
36.727519
36.534176
36.348966
36.173341
36.007105
35.850870
35.705240
35.568444
35.441115
35.322318
35.213475
35.114440
35.024316
34.941462
34.868085
34.801807
34.744080
34.694077
34.651744
34.616281
34.589159
34.568088
34.553802
34.544034
34.540278
34.540278
34.544034
34.552299
34.564328
34.579373
34.598196
34.619297
34.643439
34.669121
34.696348
34.725883
34.756979
34.788881
34.820832
34.854356
34.887169
34.921564
34.955249
34.988987
35.020473
35.049697
35.076650
35.102865
35.129884
35.156938
35.183252
35.208822
35.233647
35.259278
35.284161
35.308293
35.331673
35.354298
35.376165
35.398054
35.418399
35.437196
35.452873
35.466207
35.477194
35.486616
35.492900
35.498399
35.503115
35.506258
35.506258
35.503115
35.493685
35.479549
35.458363
35.431712
35.398836
35.362105
35.316863
35.265496
35.208047
35.143794
35.073568
34.995895
34.910858
34.819309
34.722094
34.620805
34.514755
34.406261
34.293142
34.176957
34.057034
33.934905
33.809896
33.683511
33.557219
33.430319
33.302127
33.174085
33.044112
32.912953
32.779960
32.645867
32.510038
32.373869
32.236052
32.097964
31.959630
31.821725
31.683611
31.545952
31.408758
31.273928
31.138296
31.003143
30.870937
30.743457
30.617581
30.493891
30.374140
30.257663
30.144990
30.036050
29.930198
29.826806
29.723547
29.623267
29.522532
29.423043
29.324228
29.227739
29.133542
29.041599
28.950249
28.860567
28.774133
28.690363
28.607101
28.524869
28.440520
28.356698
28.271850
28.186517
28.099696
28.010416
27.918231
27.825208
27.731373
27.636266
27.539439
27.441427
27.340353
27.238208
27.131264
27.020599
26.906796
26.789054
26.663892
26.532027
26.392399
26.245337
26.091186
25.931151
25.764728
25.592299
25.411432
25.225846
25.034376
24.838645
24.636098
24.428807
24.215168
23.997593
23.774275
23.546938
23.319103
23.091166
22.859605
22.626022
22.389077
22.151476
21.912491
21.674329
21.436505
21.199351
20.962965
20.729197
20.497357
20.268661
20.041860
19.818631
19.599150
19.384862
19.172480
18.963631
18.760071
18.562510
18.369327
18.181022
17.996464
17.816667
17.640718
17.469245
17.301463
17.137512
16.976483
16.819384
16.665671
16.515948
16.370049
16.228340
16.090019
15.955652
15.824147
15.696699
15.571355
15.450006
15.322143
15.191859
15.072139
14.962993
14.863695
14.774818
14.695576
14.625598
14.563548
14.510517
14.465338
14.427458
14.395893
14.370417
14.349631
14.333283
14.320004
14.309823
14.303250
14.299294
14.296644
14.295109
14.294432
14.294457
14.295060
14.296133
14.297695
14.299750
14.302543
14.305545
14.308743
14.312040
14.315709
14.319338
14.323410
14.327672
14.331935
14.335744
14.340010
14.344307
14.349126
14.353881
14.359132
14.364291
14.369869
14.375322
14.381091
14.387459
14.395432
14.402759
14.409632
14.415802
14.422102
14.427409
14.433311
14.438720
14.442653
14.444492
14.445841
14.445691
14.444791
14.442257
14.438769
14.433359
14.426850
14.418032
14.407486
14.395673
14.383324
14.368980
14.353730
14.338195
14.323679
14.310897
14.301125
14.295370
14.294913
14.301303
14.315886
14.340122
14.375117
14.422194
14.481863
14.555376
14.643234
14.745846
14.862511
14.992373
15.134152
15.286423
15.447395
15.605235
15.756216
15.913888
16.077156
16.246241
16.421319
16.602714
16.789392
16.982083
17.180412
17.385791
17.598493
17.819790
18.050005
18.288632
18.535740
18.789753
19.049452
19.325752
19.620022
19.927725
20.249299
20.587120
20.941232
21.312359
21.699120
22.102236
22.520437
22.953504
23.398510
23.856563
24.324041
24.799221
25.278178
25.759309
26.238362
26.721070
27.204034
27.683977
28.157342
28.624031
29.080930
29.527045
29.959786
30.381299
30.786247
31.176488
31.547234
31.901329
32.235385
32.552715
32.850817
33.132061
33.394821
33.636775
33.858498
34.068040
34.262737
34.445103
34.613266
34.771405
34.916210
35.050467
35.175509
35.293499
35.402747
35.507044
35.605524
35.700481
35.790274
35.878032
35.963730
36.048952
36.131263
36.211441
36.289460
36.368564
36.447942
36.528417
36.610825
36.694355
36.779017
36.864820
36.953451
37.042416
37.132559
37.223892
37.318126
37.414439
37.514566
37.616830
37.722983
37.829597
37.939290
38.048593
38.160138
38.273065
38.250085
38.136382
38.022317
37.906156
37.791405
37.677186
37.564355
37.451190
37.340253
37.231519
37.124964
37.019723
36.916621
36.816465
36.718394
36.623211
36.532531
36.446302
36.366930
36.292717
36.223614
36.161195
36.102985
36.049757
35.999870
35.954905
35.912432
35.873237
