50.000000
50.000000
50.000000
50.000000
50.000000
50.000000
50.000000
50.000000
50.000000
50.000000
50.000000
50.000000
50.000000
50.000000
50.000000
50.000000
50.000000
50.000000
50.000000
50.000000
50.000000
50.000000
50.000000
50.000000
50.000000
50.000000
50.000000
50.000000
50.000000
50.000000
50.000000
50.000000
50.000000
50.000000
50.000000
50.000000
50.000000
50.000000
50.000000
50.000000
50.000000
50.000000
50.000000
50.000000
50.000000
50.000000
50.000000
50.000000
50.000000
50.000000
50.000000
50.000000
50.000000
50.000000
50.000000
50.000000
50.000000
50.000000
50.000000
50.000000
50.000000
50.000000
50.000000
50.000000
50.000000
50.000000
50.000000
50.000000
50.000000
50.000000
50.000000
50.000000
50.000000
50.000000
50.000000
50.000000
50.000000
50.000000
50.000000
50.000000
50.000000
50.000000
50.000000
50.000000
50.000000
50.000000
50.000000
50.000000
50.000000
50.000000
50.000000
50.000000
50.000000
50.000000
50.000000
50.000000
50.000000
50.000000
50.000000
50.000000
50.000000
50.000000
50.000000
50.000000
50.000000
50.000000
50.000000
50.000000
50.000000
50.000000
50.000000
50.000000
50.000000
50.000000
50.000000
50.000000
50.000000
50.000000
50.000000
50.000000
50.000000
50.000000
50.000000
50.000000
50.000000
50.000000
50.000000
50.000000
50.000000
50.000000
50.000000
50.000000
50.000000
50.000000
50.000000
50.000000
50.000000
50.000000
50.000000
50.000000
50.000000
50.000000
50.000000
50.000000
50.000000
50.000000
50.000000
50.000000
50.000000
50.000000
50.000000
50.000000
50.000000
50.000000
50.000000
50.000000
50.000000
50.000000
50.000000
50.000000
50.000000
50.000000
50.000000
50.000000
50.000000
50.000000
50.000000
50.000000
50.000000
50.000000
50.000000
50.000000
50.000000
50.000000
50.000000
50.000000
50.000000
50.000000
50.000000
50.000000
50.000000
50.000000
50.000000
50.000000
50.000000
50.000000
50.000000
50.000000
50.000000
50.000000
50.000000
50.000000
50.000000
50.000000
50.000000
50.000000
50.000000
50.000000
50.000000
50.000000
50.000000
50.000000
50.000000
50.000000
50.000000
50.000000
50.000000
50.000000
50.000000
50.000000
50.000000
50.000000
50.000000
50.000000
50.000000
50.000000
50.000000
50.000000
50.000000
50.000000
50.000000
50.000000
50.000000
50.000000
50.000000
50.000000
50.000000
50.000000
50.000000
50.000000
50.000000
50.000000
50.000000
50.000000
50.000000
50.000000
50.000000
50.000000
50.000000
50.000000
50.000000
50.000000
50.000000
50.000000
50.000000
50.000000
50.000000
50.000000
50.000000
50.000000
50.000000
50.000000
50.000000
50.000000
50.000000
50.000000
50.000000
50.000000
50.000000
50.000000
50.000000
50.000000
50.000000
50.000000
50.000000
50.000000
50.000000
50.000000
50.000000
50.000000
50.000000
50.000000
50.000000
50.000000
50.000000
50.000000
50.000000
50.000000
50.000000
50.000000
50.000000
50.000000
50.000000
50.000000
50.000000
50.000000
50.000000
50.000000
50.000000
50.000000
50.000000
50.000000
50.000000
50.000000
50.000000
50.000000
50.000000
50.000000
50.000000
50.000000
50.000000
50.000000
50.000000
50.000000
50.000000
50.000000
50.000000
50.000000
50.000000
50.000000
50.000000
50.000000
50.000000
50.000000
50.000000
50.000000
50.000000
50.000000
50.000000
50.000000
50.000000
50.000000
50.000000
50.000000
50.000000
50.000000
50.000000
50.000000
50.000000
50.000000
50.000000
50.000000
50.000000
50.000000
50.000000
50.000000
50.000000
50.000000
50.000000
50.000000
50.000000
50.000000
50.000000
50.000000
50.000000
50.000000
50.000000
50.000000
50.000000
50.000000
50.000000
50.000000
50.000000
50.000000
50.000000
50.000000
50.000000
50.000000
50.000000
50.000000
50.000000
50.000000
50.000000
50.000000
50.000000
50.000000
50.000000
50.000000
50.000000
50.000000
50.000000
50.000000
50.000000
50.000000
50.000000
50.000000
50.000000
50.000000
50.000000
50.000000
50.000000
50.000000
50.000000
50.000000
50.000000
50.000000
50.000000
50.000000
50.000000
50.000000
50.000000
50.000000
50.000000
50.000000
50.000000
50.000000
50.000000
50.000000
50.000000
50.000000
50.000000
50.000000
50.000000
50.000000
50.000000
50.000000
50.000000
50.000000
50.000000
50.000000
50.000000
50.000000
50.000000
50.000000
50.000000
50.000000
50.000000
50.000000
50.000000
50.000000
50.000000
50.000000
50.000000
50.000000
50.000000
50.000000
50.000000
50.000000
50.000000
50.000000
50.000000
50.000000
50.000000
50.000000
50.000000
50.000000
50.000000
50.000000
50.000000
50.000000
50.000000
50.000000
50.000000
50.000000
50.000000
50.000000
50.000000
50.000000
50.000000
50.000000
50.000000
50.000000
50.000000
50.000000
50.000000
50.000000
50.000000
50.000000
50.000000
50.000000
50.000000
50.000000
50.000000
50.000000
50.000000
50.000000
50.000000
50.000000
50.000000
50.000000
50.000000
50.000000
50.000000
50.000000
50.000000
50.000000
50.000000
50.000000
50.000000
50.000000
50.000000
50.000000
50.000000
50.000000
50.000000
50.000000
50.000000
50.000000
50.000000
50.000000
50.000000
50.000000
50.000000
50.000000
50.000000
50.000000
50.000000
50.000000
50.000000
50.000000
50.000000
50.000000
50.000000
50.000000
50.000000
50.000000
50.000000
50.000000
50.000000
50.000000
50.000000
50.000000
50.000000
50.000000
50.000000
50.000000
50.000000
50.000000
50.000000
50.000000
50.000000
50.000000
50.000000
50.000000
50.000000
50.000000
50.000000
50.000000
50.000000
50.000000
50.000000
50.000000
50.000000
50.000000
50.000000
50.000000
50.000000
50.000000
50.000000
50.000000
50.000000
50.000000
50.000000
50.000000
50.000000
50.000000
50.000000
50.000000
50.000000
50.000000
50.000000
50.000000
50.000000
50.000000
50.000000
50.000000
50.000000
50.000000
50.000000
50.000000
50.000000
50.000000
50.000000
50.000000
50.000000
50.000000
50.000000
50.000000
50.000000
50.000000
50.000000
50.000000
50.000000
50.000000
50.000000
50.000000
50.000000
49.990706
49.976210
49.963037
49.952501
49.947235
49.944602
49.944602
49.947235
49.951186
49.957769
49.968306
49.981481
49.997297
50.000000
50.000000
50.000000
50.000000
50.000000
50.000000
50.000000
50.000000
50.000000
50.000000
50.000000
50.000000
50.000000
50.000000
50.000000
50.000000
50.000000
50.000000
50.000000
50.000000
50.000000
50.000000
50.000000
50.000000
50.000000
50.000000
50.000000
50.000000
50.000000
50.000000
50.000000
50.000000
50.000000
50.000000
50.000000
50.000000
50.000000
50.000000
50.000000
50.000000
50.000000
50.000000
50.000000
50.000000
50.000000
50.000000
50.000000
50.000000
50.000000
50.000000
50.000000
50.000000
50.000000
50.000000
50.000000
50.000000
50.000000
50.000000
50.000000
50.000000
50.000000
50.000000
50.000000
50.000000
50.000000
50.000000
50.000000
50.000000
50.000000
50.000000
50.000000
50.000000
50.000000
50.000000
50.000000
50.000000
50.000000
50.000000
50.000000
50.000000
50.000000
50.000000
50.000000
50.000000
50.000000
50.000000
50.000000
50.000000
50.000000
50.000000
50.000000
50.000000
50.000000
50.000000
50.000000
50.000000
50.000000
50.000000
50.000000
50.000000
50.000000
50.000000
50.000000
50.000000
50.000000
50.000000
50.000000
50.000000
50.000000
50.000000
50.000000
50.000000
50.000000
50.000000
50.000000
50.000000
50.000000
50.000000
50.000000
50.000000
50.000000
50.000000
50.000000
50.000000
50.000000
50.000000
50.000000
50.000000
50.000000
50.000000
50.000000
50.000000
50.000000
50.000000
50.000000
50.000000
50.000000
50.000000
50.000000
50.000000
50.000000
50.000000
50.000000
50.000000
50.000000
50.000000
50.000000
50.000000
50.000000
50.000000
50.000000
50.000000
50.000000
50.000000
50.000000
50.000000
50.000000
50.000000
50.000000
50.000000
50.000000
50.000000
50.000000
50.000000
50.000000
50.000000
50.000000
50.000000
50.000000
50.000000
50.000000
50.000000
50.000000
50.000000
50.000000
50.000000
50.000000
50.000000
50.000000
50.000000
50.000000
50.000000
50.000000
50.000000
50.000000
50.000000
50.000000
50.000000
50.000000
50.000000
50.000000
50.000000
50.000000
50.000000
50.000000
50.000000
50.000000
50.000000
50.000000
50.000000
50.000000
50.000000
50.000000
50.000000
50.000000
50.000000
50.000000
50.000000
50.000000
50.000000
50.000000
50.000000
50.000000
50.000000
50.000000
50.000000
50.000000
50.000000
50.000000
50.000000
50.000000
50.000000
50.000000
50.000000
50.000000
50.000000
50.000000
50.000000
50.000000
50.000000
50.000000
50.000000
50.000000
50.000000
50.000000
50.000000
50.000000
50.000000
50.000000
50.000000
50.000000
50.000000
50.000000
50.000000
50.000000
50.000000
50.000000
50.000000
50.000000
50.000000
50.000000
50.000000
50.000000
50.000000
50.000000
50.000000
50.000000
50.000000
50.000000
50.000000
50.000000
50.000000
50.000000
50.000000
50.000000
50.000000
50.000000
50.000000
50.000000
50.000000
50.000000
50.000000
50.000000
50.000000
50.000000
50.000000
50.000000
50.000000
50.000000
50.000000
50.000000
50.000000
50.000000
50.000000
50.000000
50.000000
50.000000
50.000000
50.000000
50.000000
50.000000
50.000000
50.000000
50.000000
50.000000
50.000000
50.000000
50.000000
50.000000
50.000000
50.000000
50.000000
50.000000
50.000000
50.000000
50.000000
50.000000
50.000000
50.000000
50.000000
50.000000
50.000000
50.000000
50.000000
50.000000
50.000000
50.000000
50.000000
50.000000
50.000000
50.000000
50.000000
50.000000
50.000000
50.000000
50.000000
50.000000
50.000000
50.000000
50.000000
50.000000
50.000000
50.000000
50.000000
50.000000
50.000000
50.000000
50.000000
50.000000
50.000000
50.000000
50.000000
50.000000
50.000000
50.000000
50.000000
50.000000
50.000000
50.000000
50.000000
50.000000
50.000000
50.000000
50.000000
50.000000
50.000000
50.000000
50.000000
50.000000
50.000000
50.000000
50.000000
50.000000
50.000000
50.000000
50.000000
50.000000
50.000000
50.000000
50.000000
50.000000
50.000000
50.000000
50.000000
50.000000
50.000000
50.000000
50.000000
50.000000
50.000000
50.000000
50.000000
50.000000
50.000000
50.000000
50.000000
50.000000
50.000000
50.000000
50.000000
50.000000
50.000000
50.000000
50.000000
50.000000
50.000000
50.000000
50.000000
50.000000
50.000000
50.000000
50.000000
50.000000
50.000000
50.000000
50.000000
50.000000
50.000000
50.000000
50.000000
50.000000
50.000000
50.000000
50.000000
50.000000
50.000000
50.000000
50.000000
50.000000
50.000000
50.000000
50.000000
50.000000
50.000000
50.000000
50.000000
50.000000
50.000000
50.000000
50.000000
50.000000
50.000000
50.000000
50.000000
50.000000
50.000000
50.000000
50.000000
50.000000
50.000000
50.000000
50.000000
50.000000
50.000000
50.000000
50.000000
50.000000
50.000000
50.000000
50.000000
50.000000
50.000000
50.000000
50.000000
50.000000
50.000000
50.000000
50.000000
50.000000
50.000000
50.000000
50.000000
50.000000
50.000000
50.000000
50.000000
50.000000
50.000000
50.000000
50.000000
50.000000
50.000000
50.000000
50.000000
50.000000
50.000000
50.000000
50.000000
50.000000
50.000000
50.000000
50.000000
50.000000
50.000000
50.000000
50.000000
50.000000
50.000000
50.000000
50.000000
50.000000
50.000000
50.000000
50.000000
50.000000
50.000000
50.000000
50.000000
50.000000
50.000000
50.000000
50.000000
50.000000
50.000000
50.000000
50.000000
50.000000
50.000000
50.000000
50.000000
50.000000
50.000000
50.000000
50.000000
50.000000
50.000000
50.000000
50.000000
50.000000
50.000000
50.000000
50.000000
50.000000
50.000000
50.000000
50.000000
50.000000
50.000000
50.000000
50.000000
50.000000
50.000000
50.000000
50.000000
50.000000
50.000000
50.000000
50.000000
50.000000
50.000000
50.000000
50.000000
50.000000
50.000000
50.000000
50.000000
50.000000
50.000000
50.000000
50.000000
50.000000
50.000000
50.000000
50.000000
50.000000
50.000000
50.000000
50.000000
50.000000
50.000000
50.000000
50.000000
50.000000
50.000000
50.000000
50.000000
50.000000
50.000000
50.000000
50.000000
50.000000
50.000000
50.000000
50.000000
50.000000
50.000000
50.000000
50.000000
50.000000
50.000000
50.000000
50.000000
50.000000
50.000000
50.000000
50.000000
50.000000
50.000000
50.000000
50.000000
50.000000
50.000000
50.000000
50.000000
50.000000
50.000000
50.000000
50.000000
50.000000
50.000000
50.000000
50.000000
50.000000
50.000000
50.000000
50.000000
50.000000
50.000000
50.000000
50.000000
50.000000
50.000000
50.000000
49.945919
49.836812
49.720172
49.596073
49.464591
49.324514
49.177237
49.020280
48.855055
48.682953
48.504081
48.314773
48.117712
47.911794
47.698426
47.475306
47.245084
47.005498
46.757976
46.500332
46.235201
45.961625
45.679854
45.390149
45.091629
44.786863
44.474974
44.157353
43.835347
43.508089
43.173691
42.834608
42.491101
42.143438
41.792904
41.437710
41.080157
40.720472
40.358883
39.994665
39.630906
39.267751
38.907165
38.547410
38.190394
37.837912
37.489940
37.145601
36.805739
36.470322
36.142547
35.819850
35.504511
35.194813
34.892173
34.597916
34.312545
34.035076
33.766007
33.504394
33.251421
33.007513
32.773074
32.546482
32.330798
32.123084
31.926318
31.738265
31.558678
31.387319
31.225806
31.074476
30.933660
30.800713
30.677808
30.564133
30.461236
30.366586
30.280606
30.200289
30.126111
30.058549
29.997512
29.941232
29.891894
29.845518
29.804302
29.764872
29.729979
29.695174
29.663760
29.631869
29.600601
29.568858
29.537188
29.502872
29.469186
29.432877
29.395048
29.353559
29.308446
29.257608
29.203774
29.144859
29.083575
29.016806
28.947249
28.872359
28.794809
28.712096
28.626864
28.535641
28.441067
28.341244
28.238770
28.131288
28.021361
27.906197
27.788342
27.665547
27.541245
27.413213
27.282514
27.147926
27.012728
26.873914
26.734687
26.592974
26.451865
26.308891
26.165818
26.022296
25.879194
25.734193
25.590524
25.446280
25.303424
25.159733
25.018578
24.878473
24.740839
24.604577
24.471736
24.340532
24.213601
24.088512
23.967170
23.848820
23.734949
23.623553
23.517011
23.413054
23.313104
23.215266
23.120948
23.029757
22.942743
22.858097
22.777986
22.700353
22.625956
22.552547
22.481446
22.410477
22.342273
22.275205
22.209507
22.143101
22.077789
22.011790
21.947371
21.883510
21.819709
21.754754
21.690852
21.625832
21.561148
21.494218
21.426504
21.356420
21.285868
21.212608
21.138740
21.063184
20.988188
20.911793
20.834908
20.755010
20.674931
20.592816
20.511406
20.428858
20.346622
20.263303
20.180316
20.096491
20.013585
19.930053
19.847984
19.765661
19.684932
19.604110
19.525000
19.446838
19.371186
19.296923
19.225400
19.154995
19.086704
19.019119
18.954576
18.891505
18.831530
18.772777
18.717184
18.663227
18.612336
18.562847
18.516343
18.471818
18.430679
18.390981
18.354597
18.319921
18.288344
18.259055
18.233750
18.210064
18.189850
18.171537
18.156972
18.144282
18.134698
18.127129
18.123734
18.122190
18.124196
18.128674
18.136861
18.146601
18.159603
18.175569
18.196687
18.220497
18.247644
18.277213
18.310642
18.346390
18.386227
18.428611
18.475495
18.524854
18.578023
18.634740
18.696055
18.759917
18.827878
18.898863
18.974801
19.053781
19.137097
19.222969
19.313056
19.405729
19.501436
19.599018
19.700569
19.804381
19.913191
20.025867
20.143163
20.263303
20.388836
20.517557
20.649196
20.784311
20.925663
21.071147
21.222770
21.378552
21.539399
21.704603
21.876093
22.053952
22.239816
22.433083
22.634703
22.842064
23.055704
23.276497
23.506923
23.744065
23.990133
24.243908
24.505018
24.773014
25.049923
25.334985
25.629639
25.931869
26.241437
26.556350
26.879170
27.210052
27.550079
27.895653
28.250115
28.610091
28.977014
29.350871
29.734404
30.126111
30.527217
30.933059
31.345238
31.762365
32.182907
32.608525
33.041756
33.480480
33.926685
34.375916
34.830089
35.288997
35.752431
36.219355
36.691139
37.167601
37.649412
38.132008
38.620371
39.111637
39.604587
40.096007
40.590266
41.091104
41.597482
42.104155
42.613908
43.124394
43.639650
44.156245
44.675033
45.199231
45.725286
46.252968
46.785655
47.325730
47.870754
48.413087
48.958713
49.507499
50.000000
50.000000
50.000000
50.000000
49.780412
49.227555
48.682953
48.144006
47.609498
47.080717
46.556484
46.034511
45.513821
44.988950
44.469373
43.956246
43.447399
42.942938
42.438783
41.938335
41.443761
40.950145
40.461680
39.978448
39.502398
39.037166
38.577107
38.119642
37.671915
37.233734
36.801576
36.375450
35.955361
35.542877
35.139439
34.744858
34.360421
33.985137
33.617363
33.257666
32.905870
32.557807
32.218776
31.892369
31.576859
31.267563
30.964973
30.668941
30.383381
30.106206
29.838826
29.580888
29.330984
29.085156
28.844904
28.608059
28.378583
28.154764
27.938370
27.730090
27.529166
27.334886
27.149723
26.969352
26.796683
26.631865
26.477150
26.331752
26.196162
26.067208
25.947083
25.834718
25.730663
25.634296
25.549641
25.474881
25.411314
25.356462
25.312806
25.279822
25.257399
25.243970
25.241361
25.250309
25.271967
25.305675
25.353068
25.412452
25.483669
25.567747
25.666573
25.777037
25.900309
26.034819
26.182210
26.342993
26.516887
26.703607
26.905926
27.123263
27.356819
27.605566
27.870766
28.151827
28.450091
28.763922
29.092538
29.435042
29.792628
30.164292
30.550645
30.950513
31.366265
31.794766
32.235106
32.686907
33.150412
33.621613
34.102600
34.590449
35.085753
35.586814
36.096598
36.610127
37.126158
37.640763
38.158529
38.671848
39.182642
39.688339
40.191986
40.691046
41.189820
41.681790
42.162066
42.624430
43.077321
43.520025
43.950740
44.364268
44.761978
45.143095
45.506874
45.851430
46.184323
46.502720
46.808540
47.096512
47.373474
47.635411
47.883186
48.113957
48.329881
48.528133
48.714762
48.890854
49.054959
49.206903
49.346528
49.472389
49.589553
49.699242
49.804012
49.901187
49.989388
50.000000
50.000000
50.000000
50.000000
50.000000
50.000000
50.000000
50.000000
50.000000
50.000000
50.000000
50.000000
50.000000
50.000000
50.000000
50.000000
50.000000
50.000000
50.000000
50.000000
50.000000
50.000000
50.000000
50.000000
50.000000
50.000000
50.000000
50.000000
50.000000
50.000000
50.000000
50.000000
50.000000
50.000000
50.000000
50.000000
50.000000
50.000000
50.000000
50.000000
50.000000
50.000000
50.000000
50.000000
50.000000
50.000000
50.000000
50.000000
50.000000
50.000000
50.000000
50.000000
50.000000
50.000000
50.000000
50.000000
50.000000
50.000000
50.000000
50.000000
50.000000
50.000000
50.000000
50.000000
50.000000
50.000000
50.000000
50.000000
50.000000
50.000000
50.000000
50.000000
50.000000
50.000000
50.000000
50.000000
50.000000
50.000000
50.000000
50.000000
50.000000
50.000000
50.000000
50.000000
50.000000
50.000000
50.000000
50.000000
50.000000
50.000000
50.000000
50.000000
50.000000
50.000000
50.000000
50.000000
50.000000
50.000000
50.000000
50.000000
50.000000
50.000000
50.000000
50.000000
50.000000
50.000000
50.000000
50.000000
50.000000
50.000000
50.000000
50.000000
50.000000
50.000000
50.000000
50.000000
50.000000
50.000000
50.000000
50.000000
50.000000
50.000000
50.000000
50.000000
50.000000
50.000000
50.000000
50.000000
50.000000
50.000000
50.000000
50.000000
50.000000
50.000000
50.000000
50.000000
50.000000
50.000000
50.000000
50.000000
50.000000
50.000000
50.000000
50.000000
50.000000
50.000000
50.000000
50.000000
50.000000
50.000000
50.000000
50.000000
50.000000
50.000000
50.000000
50.000000
50.000000
50.000000
50.000000
50.000000
50.000000
50.000000
50.000000
50.000000
50.000000
50.000000
50.000000
50.000000
50.000000
50.000000
50.000000
50.000000
50.000000
50.000000
50.000000
50.000000
50.000000
50.000000
50.000000
50.000000
50.000000
50.000000
50.000000
50.000000
50.000000
50.000000
50.000000
50.000000
50.000000
50.000000
50.000000
50.000000
50.000000
50.000000
50.000000
50.000000
50.000000
50.000000
50.000000
50.000000
50.000000
50.000000
50.000000
50.000000
50.000000
50.000000
50.000000
50.000000
50.000000
50.000000
50.000000
50.000000
50.000000
50.000000
50.000000
50.000000
50.000000
50.000000
50.000000
50.000000
50.000000
50.000000
50.000000
50.000000
50.000000
50.000000
50.000000
50.000000
50.000000
50.000000
50.000000
50.000000
50.000000
50.000000
50.000000
50.000000
50.000000
50.000000
50.000000
50.000000
50.000000
50.000000
50.000000
50.000000
50.000000
50.000000
50.000000
50.000000
50.000000
50.000000
50.000000
50.000000
50.000000
50.000000
50.000000
50.000000
50.000000
50.000000
50.000000
50.000000
50.000000
50.000000
50.000000
50.000000
50.000000
50.000000
50.000000
50.000000
50.000000
50.000000
50.000000
50.000000
50.000000
50.000000
50.000000
50.000000
50.000000
50.000000
50.000000
50.000000
50.000000
50.000000
50.000000
50.000000
50.000000
50.000000
50.000000
50.000000
50.000000
50.000000
50.000000
50.000000
50.000000
50.000000
50.000000
50.000000
50.000000
50.000000
50.000000
50.000000
50.000000
50.000000
50.000000
50.000000
50.000000
50.000000
50.000000
50.000000
50.000000
50.000000
50.000000
50.000000
50.000000
50.000000
50.000000
50.000000
50.000000
50.000000
50.000000
50.000000
50.000000
50.000000
50.000000
50.000000
50.000000
50.000000
50.000000
50.000000
50.000000
50.000000
50.000000
50.000000
50.000000
50.000000
50.000000
50.000000
50.000000
50.000000
50.000000
50.000000
50.000000
50.000000
50.000000
50.000000
50.000000
50.000000
50.000000
50.000000
50.000000
50.000000
50.000000
50.000000
50.000000
50.000000
50.000000
50.000000
50.000000
50.000000
50.000000
50.000000
50.000000
50.000000
50.000000
50.000000
50.000000
50.000000
50.000000
50.000000
50.000000
50.000000
50.000000
50.000000
50.000000
50.000000
50.000000
50.000000
50.000000
50.000000
50.000000
50.000000
50.000000
50.000000
50.000000
50.000000
50.000000
50.000000
50.000000
50.000000
50.000000
50.000000
50.000000
50.000000
50.000000
50.000000
50.000000
50.000000
50.000000
50.000000
50.000000
50.000000
50.000000
50.000000
50.000000
50.000000
50.000000
50.000000
50.000000
50.000000
50.000000
50.000000
50.000000
50.000000
50.000000
50.000000
50.000000
50.000000
50.000000
50.000000
50.000000
50.000000
50.000000
50.000000
50.000000
50.000000
50.000000
50.000000
50.000000
50.000000
50.000000
50.000000
50.000000
50.000000
50.000000
50.000000
50.000000
50.000000
50.000000
50.000000
50.000000
50.000000
50.000000
50.000000
49.989388
49.936706
49.884097
49.832874
49.784344
49.739805
49.696627
49.657418
49.622164
49.589553
49.558272
49.530924
49.506197
49.484089
49.464591
49.450299
49.438611
49.430820
49.424329
49.420435
49.420435
49.425628
49.434716
49.445104
49.458094
49.477588
49.499693
49.524415
49.554365
49.588248
49.626079
49.663950
49.708398
49.755519
49.805323
49.856506
49.909077
49.968306
50.000000
50.000000
50.000000
50.000000
50.000000
50.000000
50.000000
50.000000
50.000000
50.000000
50.000000
50.000000
50.000000
50.000000
50.000000
50.000000
50.000000
50.000000
50.000000
50.000000
50.000000
50.000000
50.000000
50.000000
50.000000
49.994661
49.909077
49.825000
49.743733
49.665256
49.586945
49.510100
49.434716
49.360780
49.289580
49.221100
49.154037
49.087097
49.024133
48.962558
48.902368
48.844833
48.789942
48.738954
48.688041
48.638469
48.591502
48.549666
48.510409
48.472459
48.437076
48.404253
48.373981
48.346254
48.318550
48.293382
48.270747
48.251896
48.233054
48.216732
48.202928
48.192891
48.184112
48.176589
48.170321
48.165307
48.162801
48.165307
48.170321
48.179097
48.189129
48.202928
48.220499
48.244357
48.275776
48.312256
48.347515
48.384069
48.424449
48.468666
48.514205
48.561070
48.611804
48.661339
48.713489
48.768263
48.828230
48.893412
48.958713
49.027984
49.103821
49.186264
49.267600
49.349120
49.434716
49.523115
49.616945
49.716246
49.815816
49.919599
50.000000
50.000000
50.000000
50.000000
50.000000
50.000000
50.000000
50.000000
50.000000
50.000000
50.000000
50.000000
50.000000
50.000000
50.000000
50.000000
50.000000
50.000000
50.000000
50.000000
50.000000
50.000000
49.960402
49.895927
49.838125
49.788277
49.743733
49.700550
49.661336
49.627384
49.597376
49.570000
49.549154
49.532226
49.520511
49.510100
49.507499
49.512703
49.525717
49.543944
49.563484
49.584338
49.607811
49.635218
49.665256
49.696627
49.728024
49.762068
49.800077
49.836812
49.874898
49.914337
49.953819
49.993342
50.000000
50.000000
50.000000
50.000000
50.000000
50.000000
50.000000
50.000000
50.000000
50.000000
50.000000
50.000000
50.000000
50.000000
50.000000
50.000000
50.000000
50.000000
50.000000
50.000000
50.000000
50.000000
50.000000
50.000000
50.000000
50.000000
50.000000
50.000000
50.000000
50.000000
50.000000
50.000000
50.000000
50.000000
50.000000
50.000000
50.000000
50.000000
50.000000
50.000000
50.000000
50.000000
50.000000
50.000000
50.000000
50.000000
50.000000
50.000000
50.000000
50.000000
50.000000
50.000000
50.000000
50.000000
50.000000
50.000000
50.000000
50.000000
50.000000
50.000000
50.000000
50.000000
50.000000
50.000000
50.000000
50.000000
50.000000
50.000000
50.000000
50.000000
50.000000
50.000000
50.000000
50.000000
50.000000
50.000000
50.000000
50.000000
50.000000
50.000000
50.000000
50.000000
50.000000
50.000000
50.000000
50.000000
50.000000
50.000000
50.000000
50.000000
50.000000
50.000000
50.000000
50.000000
50.000000
50.000000
50.000000
50.000000
50.000000
50.000000
50.000000
50.000000
50.000000
50.000000
50.000000
50.000000
50.000000
50.000000
50.000000
50.000000
50.000000
50.000000
50.000000
50.000000
50.000000
50.000000
50.000000
50.000000
50.000000
50.000000
50.000000
50.000000
50.000000
50.000000
50.000000
50.000000
50.000000
50.000000
50.000000
50.000000
50.000000
50.000000
50.000000
50.000000
50.000000
50.000000
50.000000
50.000000
50.000000
50.000000
50.000000
50.000000
50.000000
50.000000
50.000000
50.000000
50.000000
50.000000
50.000000
50.000000
50.000000
50.000000
50.000000
50.000000
50.000000
50.000000
50.000000
50.000000
50.000000
50.000000
50.000000
50.000000
50.000000
50.000000
50.000000
50.000000
50.000000
50.000000
50.000000
50.000000
50.000000
50.000000
50.000000
50.000000
50.000000
50.000000
50.000000
50.000000
50.000000
50.000000
50.000000
50.000000
50.000000
50.000000
50.000000
50.000000
50.000000
50.000000
50.000000
50.000000
50.000000
50.000000
50.000000
50.000000
50.000000
50.000000
50.000000
50.000000
50.000000
50.000000
50.000000
50.000000
50.000000
50.000000
50.000000
50.000000
50.000000
50.000000
50.000000
50.000000
50.000000
50.000000
50.000000
50.000000
50.000000
50.000000
50.000000
50.000000
50.000000
50.000000
50.000000
50.000000
50.000000
50.000000
50.000000
50.000000
50.000000
50.000000
50.000000
50.000000
50.000000
50.000000
50.000000
50.000000
50.000000
50.000000
50.000000
50.000000
50.000000
50.000000
50.000000
50.000000
50.000000
50.000000
50.000000
50.000000
50.000000
50.000000
50.000000
50.000000
50.000000
50.000000
50.000000
50.000000
50.000000
50.000000
50.000000
50.000000
50.000000
50.000000
50.000000
50.000000
50.000000
50.000000
50.000000
50.000000
50.000000
50.000000
50.000000
50.000000
50.000000
50.000000
50.000000
50.000000
50.000000
50.000000
50.000000
50.000000
50.000000
50.000000
50.000000
50.000000
50.000000
50.000000
50.000000
50.000000
50.000000
50.000000
50.000000
50.000000
50.000000
50.000000
50.000000
50.000000
50.000000
50.000000
50.000000
50.000000
50.000000
50.000000
50.000000
50.000000
50.000000
50.000000
50.000000
50.000000
50.000000
50.000000
50.000000
50.000000
50.000000
50.000000
50.000000
50.000000
50.000000
50.000000
50.000000
50.000000
50.000000
50.000000
50.000000
50.000000
50.000000
50.000000
50.000000
50.000000
50.000000
50.000000
50.000000
50.000000
50.000000
50.000000
50.000000
50.000000
50.000000
50.000000
50.000000
50.000000
50.000000
50.000000
50.000000
50.000000
50.000000
50.000000
50.000000
50.000000
50.000000
50.000000
50.000000
50.000000
50.000000
50.000000
50.000000
50.000000
50.000000
50.000000
50.000000
50.000000
50.000000
50.000000
50.000000
50.000000
50.000000
50.000000
50.000000
50.000000
50.000000
50.000000
50.000000
50.000000
50.000000
50.000000
50.000000
50.000000
50.000000
50.000000
50.000000
50.000000
50.000000
50.000000
50.000000
50.000000
50.000000
50.000000
50.000000
50.000000
50.000000
50.000000
50.000000
50.000000
50.000000
50.000000
50.000000
50.000000
50.000000
50.000000
50.000000
50.000000
50.000000
50.000000
50.000000
50.000000
50.000000
50.000000
50.000000
50.000000
50.000000
50.000000
50.000000
50.000000
50.000000
50.000000
50.000000
50.000000
50.000000
50.000000
50.000000
50.000000
50.000000
50.000000
50.000000
50.000000
50.000000
50.000000
50.000000
50.000000
50.000000
50.000000
50.000000
50.000000
50.000000
50.000000
50.000000
50.000000
50.000000
50.000000
50.000000
50.000000
50.000000
50.000000
50.000000
50.000000
50.000000
50.000000
50.000000
50.000000
50.000000
50.000000
50.000000
50.000000
50.000000
50.000000
50.000000
50.000000
50.000000
50.000000
50.000000
50.000000
50.000000
50.000000
50.000000
50.000000
50.000000
50.000000
50.000000
50.000000
50.000000
50.000000
50.000000
50.000000
50.000000
50.000000
50.000000
50.000000
49.977528
49.926178
49.876211
49.827624
49.777791
49.730642
49.684860
49.643051
49.603899
49.566089
49.530924
49.498393
49.465891
49.436013
49.408756
49.384111
49.362076
49.342643
49.327105
49.314161
49.305102
49.298634
49.296047
49.297340
49.299927
49.306396
49.315455
49.327105
49.338757
49.354302
49.369851
49.386704
49.407459
49.432118
49.459393
49.490590
49.524415
49.559574
49.596073
49.635218
49.677017
49.724098
49.771239
49.819753
49.865701
49.911707
49.960402
50.000000
50.000000
50.000000
50.000000
50.000000
50.000000
50.000000
50.000000
50.000000
50.000000
50.000000
50.000000
50.000000
50.000000
50.000000
50.000000
50.000000
50.000000
50.000000
50.000000
50.000000
50.000000
50.000000
50.000000
50.000000
50.000000
50.000000
50.000000
50.000000
50.000000
50.000000
50.000000
50.000000
50.000000
50.000000
50.000000
50.000000
50.000000
49.976210
49.927494
49.878840
49.828937
49.779102
49.726715
49.673096
49.618250
49.560878
49.502294
49.443805
49.380222
49.316748
49.252093
49.186264
49.116690
49.048535
48.979224
48.906208
48.830783
48.755518
48.679137
48.600382
48.520535
48.438340
48.356335
48.273261
48.186620
48.101443
48.012729
47.920504
47.824799
47.726882
47.626771
47.524491
47.420059
47.311053
47.197518
47.084362
46.970372
46.854352
46.736328
46.619918
46.499138
46.378796
46.258893
46.140606
46.023920
45.906481
45.787128
45.668215
45.545104
45.423620
45.303748
45.186620
45.072208
44.959351
44.849167
44.743890
44.641224
44.544510
44.450338
44.359804
44.273988
44.192852
44.115253
44.042271
43.974973
43.912227
43.852901
43.799172
43.752100
43.710563
43.674540
43.641828
43.615685
43.596093
43.585215
43.579776
43.580864
43.589565
43.606976
43.635291
43.672358
43.717118
43.770702
43.832056
43.904529
43.990407
44.089800
44.202843
44.328569
44.469373
44.623207
44.790258
44.974148
45.174015
45.393609
45.632162
45.894759
46.177229
46.478852
46.801310
47.148802
47.519569
47.915527
48.336177
48.779738
49.246927
49.739805
50.000000
50.000000
50.000000
50.000000
49.598681
49.016429
48.432026
47.844665
47.256069
46.664274
46.072193
45.474471
44.874122
44.273988
43.676721
43.081597
42.489007
41.895240
41.303947
40.714583
40.127640
39.544536
38.969332
38.402163
37.842274
37.286441
36.739230
36.198305
35.666299
35.142511
34.627064
34.117881
33.616656
33.122151
32.637291
32.159472
31.690807
31.231327
30.781646
30.338832
29.902532
29.471900
29.049358
28.633478
28.227438
27.825432
27.427930
27.034924
26.647717
26.264561
25.886758
25.512763
25.146074
24.785420
24.431078
24.082290
23.740921
23.406715
23.080579
22.760728
22.448280
22.142331
21.845262
21.555469
21.272658
20.996508
20.727727
20.464821
20.209581
19.960271
19.717162
19.480448
19.251147
19.027092
18.808149
18.566559
18.308913
18.035361
17.752195
17.460367
17.165728
16.867205
16.570541
16.276462
15.991364
15.716576
15.458703
15.218356
15.001054
14.808822
14.646278
14.513200
14.412251
14.342187
14.303483
14.294759
14.314187
14.359890
14.428776
14.519902
14.629878
14.758299
14.900088
15.057098
15.227409
15.416192
15.620994
15.849280
16.098377
16.376497
16.681686
17.024265
17.406308
17.743047
18.028270
18.264720
18.449577
18.589392
18.683674
18.740169
18.760586
18.858163
19.024137
19.255080
19.544371
19.778655
19.951510
20.168146
20.414109
20.575299
20.647142
20.720084
20.776001
20.790171
20.747155
20.629270
20.424478
20.123654
19.730558
19.251751
18.699517
18.094826
17.463833
16.831031
16.226627
15.676612
15.202366
14.820216
14.539706
14.365486
14.295963
14.325237
14.444385
14.642422
14.908098
15.230201
15.599047
16.005461
16.442616
