20.199987
20.399893
20.599640
20.799147
20.998334
21.197122
21.395431
21.593182
21.790296
21.986693
22.182296
22.377026
22.570806
22.763556
22.955202
23.145666
23.334871
23.522742
23.709205
23.894183
24.077605
24.259395
24.439481
24.617792
24.794255
24.968801
25.141360
25.311862
25.480239
25.646425
25.810352
25.971954
26.131169
26.287930
26.442177
26.593847
26.742879
26.889214
27.032794
27.173561
27.311458
27.446431
27.578426
27.707389
27.833269
27.956016
28.075581
28.191916
28.304974
28.414710
28.521080
28.624042
28.723555
28.819578
28.912074
29.001004
29.086335
29.168031
29.246060
29.320391
29.390994
29.457840
29.520903
29.580159
29.635582
29.687151
29.734845
29.778646
29.818535
29.854497
29.886518
29.914583
29.938684
29.958808
29.974950
29.987101
29.995258
29.999417
29.999576
29.995736
29.987897
29.976064
29.960240
29.940432
29.916648
29.888898
29.857192
29.821543
29.781966
29.738476
29.691091
29.639830
29.584713
29.525762
29.463001
29.396455
29.326150
29.252115
29.174380
29.092974
29.007932
28.919287
28.827074
28.731330
28.632094
28.529405
28.423304
28.313835
28.201039
28.084964
27.965655
27.843159
27.717527
27.588807
27.457052
27.322314
27.184648
27.044108
26.900750
26.754632
26.605812
26.454350
26.300306
26.143743
25.984721
25.823306
25.659562
25.493554
25.325349
25.155014
24.982616
24.808226
24.631913
24.453746
24.273799
24.092142
23.908848
23.723990
23.537643
23.349882
23.160780
22.970414
22.778859
22.586193
22.392493
22.197836
22.002300
21.805963
21.608903
21.411200
21.212933
21.014180
20.815022
20.615537
20.415807
20.215910
20.015927
19.815937
19.616021
19.416259
19.216730
19.017514
18.818691
18.620341
18.422543
18.225376
18.028918
17.833249
17.638447
17.444589
17.251753
17.060017
16.869456
16.680148
16.492168
16.305590
16.120491
15.936943
15.755020
15.574796
15.396341
15.219728
15.045026
14.872307
14.701639
14.533090
14.366727
14.202618
14.040828
13.881421
13.724462
13.570013
13.418135
13.268891
13.122338
12.978537
12.837544
12.699416
12.564209
12.431975
12.302769
12.176641
12.053643
11.933823
11.817229
11.703908
11.593906
11.487266
11.384031
11.284242
11.187940
11.095162
11.005946
10.920327
10.838341
10.760018
10.685392
10.614491
10.547345
10.483979
10.424420
10.368691
10.316814
10.268810
10.224699
10.184497
10.148222
10.115887
10.087506
10.063090
10.042648
10.026189
10.013720
10.005245
10.000767
10.000290
10.003812
10.011332
10.022848
10.038354
10.057845
10.081312
10.108747
10.140139
10.175474
10.214739
10.257918
10.304993
10.355946
10.410757
10.469404
10.531862
10.598108
10.668114
10.741853
10.819295
10.900409
10.985163
11.073523
11.165453
11.260917
11.359877
11.462292
11.568123
11.677326
11.789858
11.905673
12.024727
12.146970
12.272355
12.400831
12.532346
12.666848
12.804283
12.944597
13.087732
13.233633
13.382239
13.533493
13.687334
13.843699
14.002527
14.163753
14.327314
14.493145
14.661177
14.831346
15.003581
15.177815
15.353978
15.531999
15.711808
15.893332
16.076498
16.261233
16.447464
16.635116
16.824114
17.014383
17.205845
17.398425
17.592046
17.786630
17.982099
18.178375
18.375380
18.573035
18.771260
18.969977
19.169106
19.368567
19.568281
19.768168
19.968147
20.168139
20.368064
20.567841
20.767392
20.966635
21.165492
21.363883
21.561728
21.758948
21.955465
22.151200
22.346074
22.540010
22.732930
22.924757
23.115414
23.304824
23.492913
23.679605
23.864825
24.048499
24.230554
24.410917
24.589515
24.766277
24.941134
25.114013
25.284847
25.453568
25.620107
25.784398
25.946375
26.105974
26.263130
26.417782
26.569866
26.719322
26.866091
27.010114
27.151332
27.289690
27.425133
27.557605
27.687055
27.813429
27.936679
28.056754
28.173606
28.287189
28.397457
28.504366
28.607874
28.707939
28.804520
28.897580
28.987081
29.072987
29.155264
29.233880
29.308801
29.380000
29.447446
29.511114
29.570977
29.627012
29.679197
29.727510
29.771932
29.812445
29.849033
29.881682
29.910379
29.935111
29.955870
29.972646
29.985433
29.994227
29.999023
29.999819
29.996615
29.989413
29.978216
29.963027
29.943853
29.920702
29.893582
29.862506
29.827484
29.788532
29.745664
29.698898
29.648253
29.593748
29.535406
29.473251
29.407306
29.337598
29.264155
29.187007
29.106184
29.021718
28.933644
28.841997
28.746813
28.648131
28.545989
28.440429
28.331493
28.219225
28.103669
27.984871
27.862880
27.737744
27.609512
27.478237
27.343971
27.206767
27.066681
26.923768
26.778086
26.629692
26.478647
26.325010
26.168844
26.010210
25.849172
25.685794
25.520143
25.352283
25.182282
25.010209
24.836131
24.660119
24.482243
24.302575
24.121185
23.938147
23.753533
23.567419
23.379877
23.190984
23.000814
22.809444
22.616950
22.423409
22.228899
22.033498
21.837283
21.640333
21.442727
21.244544
21.045863
20.846764
20.647327
20.447630
20.247754
20.047779
19.847785
19.647852
19.448060
19.248489
19.049218
18.850327
18.651897
18.454005
18.256732
18.060156
17.864356
17.669411
17.475397
17.282394
17.090477
16.899724
16.710211
16.522014
16.335209
16.149869
15.966069
15.783882
15.603382
15.424641
15.247730
15.072719
14.899680
14.728680
14.559789
14.393074
14.228601
14.066437
13.906647
13.749294
13.594440
13.442149
13.292481
13.145496
13.001253
12.859809
12.721221
12.585545
12.452834
12.323142
12.196520
12.073020
11.952691
11.835580
11.721735
11.611202
11.504023
11.400243
11.299903
11.203042
11.109701
11.019915
10.933721
10.851154
10.772246
10.697029
10.625533
10.557787
10.493817
10.433650
10.377309
10.324817
10.276195
10.231463
10.190638
10.153736
10.120773
10.091761
10.066713
10.045637
10.028544
10.015439
10.006327
10.001213
10.000098
10.002983
10.009867
10.020746
10.035617
10.054474
10.077309
10.104113
10.134875
10.169583
10.208223
10.250779
10.297235
10.347572
10.401770
10.459808
10.521661
10.587305
10.656714
10.729860
10.806715
10.887246
10.971423
11.059211
11.150575
11.245478
11.343884
11.445751
11.551041
11.659709
11.771714
11.887010
12.005551
12.127290
12.252177
12.380164
12.511199
12.645229
12.782200
12.922059
13.064749
13.210213
13.358393
13.509229
13.662662
13.818629
13.977069
14.137918
14.301111
14.466584
14.634271
14.804103
14.976014
15.149935
15.325795
15.503525
15.683054
15.864309
16.047219
16.231709
16.417707
16.605138
16.793927
16.983998
17.175275
17.367682
17.561142
17.755578
17.950911
18.147064
18.343958
18.541515
18.739655
18.938299
19.137367
19.336781
19.536460
19.736324
19.936294
20.136290
20.336230
20.536037
20.735629
20.934926
21.133850
21.332320
21.530258
21.727583
21.924217
22.120082
22.315098
22.509189
22.702276
22.894282
23.085130
23.274744
23.463049
23.649968
23.835428
24.019353
24.201670
24.382307
24.561191
24.738251
24.913416
25.086615
25.257779
25.426841
25.593732
25.758385
25.920735
26.080717
26.238267
26.393321
26.545819
26.695698
26.842898
26.987362
27.129031
27.267849
27.403759
27.536708
27.666642
27.793510
27.917261
28.037844
28.155213
28.269320
28.380119
28.487566
28.591618
28.692234
28.789373
28.882996
28.973066
29.059547
29.142405
29.221605
29.297117
29.368911
29.436957
29.501228
29.561699
29.618345
29.671144
29.720075
29.765118
29.806255
29.843469
29.876747
29.906074
29.931438
29.952830
29.970241
29.983664
29.993094
29.998527
29.999960
29.997393
29.990828
29.980267
29.965713
29.947173
29.924655
29.898167
29.867720
29.833325
29.794998
29.752753
29.706607
29.656578
29.602687
29.544954
29.483404
29.418061
29.348951
29.276101
29.199541
29.119301
29.035413
28.947912
28.856831
28.762208
28.664080
28.562487
28.457468
28.349067
28.237326
28.122291
28.004007
27.882521
27.757882
27.630140
27.499346
27.365553
27.228813
27.089183
26.946716
26.801471
26.653505
26.502878
26.349650
26.193883
26.035637
25.874978
25.711969
25.546675
25.379162
25.209498
25.037750
24.863987
24.688278
24.510695
24.331307
24.150186
23.967406
23.783038
23.597158
23.409838
23.221155
23.031184
22.839999
22.647679
22.454300
22.259940
22.064675
21.868584
21.671746
21.474240
21.276143
21.077537
20.878499
20.679110
20.479449
20.279596
20.079632
19.879636
19.679687
19.479867
19.280256
19.080931
18.881975
18.683466
18.485483
18.288106
18.091414
17.895485
17.700399
17.506231
17.313062
17.120967
16.930023
16.740308
16.551897
16.364864
16.179286
15.995236
15.812787
15.632014
15.452988
15.275780
15.100462
14.927104
14.755775
14.586543
14.419477
14.254643
14.092107
13.931934
13.774189
13.618933
13.466230
13.316140
13.168724
13.024040
12.882147
12.743100
12.606956
12.473769
12.343593
12.216479
12.092479
11.971641
11.854015
11.739646
11.628582
11.520867
11.416542
11.315652
11.218234
11.124330
11.033975
10.947207
10.864060
10.784567
10.708760
10.636669
10.568324
10.503751
10.442977
10.386025
10.332919
10.283679
10.238326
10.196877
10.159350
10.125759
10.096117
10.070436
10.048728
10.030999
10.017258
10.007511
10.001760
10.000008
10.002256
10.008503
10.018746
10.032982
10.051204
10.073406
10.099579
10.129711
10.163791
10.201806
10.243740
10.289576
10.339296
10.392881
10.450308
10.511555
10.576597
10.645409
10.717962
10.794228
10.874176
10.957774
11.044989
11.135786
11.230128
11.327978
11.429297
11.534044
11.642178
11.753654
11.868429
11.986456
12.107689
12.232078
12.359575
12.490128
12.623684
12.760191
12.899594
13.041836
13.186862
13.334613
13.485031
13.638054
13.793622
13.951672
14.112141
14.274966
14.440080
14.607419
14.776914
14.948499
15.122104
15.297660
15.475097
15.654344
15.835329
16.017980
16.202224
16.387986
16.575194
16.763771
16.953643
17.144733
17.336966
17.530263
17.724549
17.919744
18.115772
18.312553
18.510010
18.708062
18.906631
19.105637
19.305002
19.504644
19.704484
19.904442
20.104439
20.304394
20.504227
20.703858
20.903208
21.102197
21.300745
21.498772
21.696200
21.892950
22.088942
22.284099
22.478342
22.671594
22.863777
23.054815
23.244631
23.433149
23.620294
23.805991
23.990166
24.172744
24.353654
24.532822
24.710177
24.885648
25.059164
25.230658
25.400059
25.567300
25.732314
25.895035
26.055399
26.213340
26.368796
26.521705
26.672005
26.819636
26.964540
27.106658
27.245933
27.382310
27.515734
27.646152
27.773512
27.897762
28.018853
28.136737
28.251367
28.362696
28.470679
28.575275
28.676441
28.774136
28.868322
28.958961
29.046016
29.129453
29.209238
29.285339
29.357727
29.426371
29.491246
29.552323
29.609580
29.662994
29.712542
29.758205
29.799965
29.837806
29.871711
29.901668
29.927664
29.949689
29.967735
29.981794
29.991860
29.997929
29.999999
29.998070
29.992141
29.982216
29.968298
29.950393
29.928507
29.902651
29.872833
29.839067
29.801365
29.759743
29.714216
29.664805
29.611527
29.554405
29.493462
29.428721
29.360209
29.287952
29.211981
29.132325
29.049016
28.962088
28.871575
28.777514
28.679942
28.578897
28.474422
28.366556
28.255345
28.140831
28.023061
27.902082
27.777942
27.650691
27.520379
27.387060
27.250786
27.111612
26.969594
26.824787
26.677251
26.527044
26.374226
26.218859
26.061004
25.900724
25.738085
25.573151
25.405987
25.236661
25.065240
24.891793
24.716390
24.539100
24.359995
24.179145
23.996624
23.812505
23.626860
23.439765
23.251294
23.061523
22.870527
22.678382
22.485167
22.290957
22.095831
21.899867
21.703143
21.505737
21.307729
21.109199
20.910224
20.710886
20.511263
20.311435
20.111483
19.911487
19.711526
19.511680
19.312030
19.112654
18.913634
18.715048
18.516976
18.319498
18.122691
17.926636
17.731410
17.537091
17.343757
17.151486
16.960354
16.770438
16.581814
16.394557
16.208742
16.024443
15.841735
15.660690
15.481380
15.303878
15.128255
14.954580
14.782923
14.613353
14.445937
14.280743
14.117837
13.957284
13.799147
13.643491
13.490377
13.339867
13.192021
13.046898
12.904556
12.765052
12.628443
12.494781
12.364122
12.236517
12.112017
11.990672
11.872531
11.757641
11.646048
11.537796
11.432929
11.331488
11.233515
11.139049
11.048126
10.960785
10.877058
10.796981
10.720585
10.647901
10.578957
10.513782
10.452401
10.394839
10.341118
10.291262
10.245288
10.203217
10.165064
10.130844
10.100573
10.074261
10.051919
10.033556
10.019180
10.008796
10.002408
10.000019
10.001630
10.007240
10.016847
10.030448
10.048036
10.069604
10.095145
10.124647
10.158100
10.195489
10.236800
10.282016
10.331119
10.384089
10.440906
10.501546
10.565985
10.634198
10.706157
10.781834
10.861197
10.944216
11.030858
11.121086
11.214867
11.312161
11.412930
11.517134
11.624731
11.735678
11.849930
11.967443
12.088168
12.212058
12.339063
12.469133
12.602214
12.738255
12.877200
13.018994
13.163581
13.310902
13.460898
13.613511
13.768677
13.926336
14.086425
14.248879
14.413633
14.580621
14.749778
14.921034
15.094322
15.269572
15.446714
15.625678
15.806391
15.988781
16.172776
16.358302
16.545284
16.733649
16.923319
17.114221
17.306277
17.499410
17.693543
17.888599
18.084499
18.281166
18.478520
18.676482
18.874975
19.073917
19.273229
19.472832
19.672646
19.872591
20.072587
20.272554
20.472412
20.672081
20.871481
21.070532
21.269156
21.467271
21.664800
21.861663
22.057781
22.253076
22.447470
22.640885
22.833244
23.024469
23.214485
23.403215
23.590584
23.776516
23.960938
24.143776
24.324956
24.504406
24.682054
24.857830
25.031663
25.203483
25.373222
25.540811
25.706185
25.869276
26.030019
26.188350
26.344206
26.497525
26.648244
26.796305
26.941647
27.084212
27.223944
27.360786
27.494684
27.625585
27.753435
27.878184
27.999781
28.118179
28.233330
28.345188
28.453707
28.558845
28.660560
28.758811
28.853558
28.944764
29.032392
29.116408
29.196776
29.273467
29.346448
29.415690
29.481167
29.542851
29.600718
29.654745
29.704910
29.751193
29.793576
29.832042
29.866575
29.897162
29.923789
29.946448
29.965128
29.979822
29.990524
29.997230
29.999937
29.998645
29.993353
29.984064
29.970782
29.953511
29.932259
29.907034
29.877847
29.844709
29.807632
29.766633
29.721728
29.672934
29.620270
29.563759
29.503423
29.439285
29.371372
29.299710
29.224328
29.145257
29.062528
28.976174
28.886229
28.792731
28.695715
28.595221
28.491289
28.383961
28.273279
28.159288
28.042033
27.921562
27.797922
27.671164
27.541336
27.408493
27.272686
27.133970
26.992400
26.848034
26.700929
26.551143
26.398737
26.243771
26.086308
25.926411
25.764143
25.599570
25.432757
25.263770
25.092679
24.919550
24.744454
24.567460
24.388639
24.208062
24.025803
23.841933
23.656526
23.469657
23.281400
23.091831
22.901024
22.709058
22.516008
22.321951
22.126966
21.931130
21.734522
21.537219
21.339302
21.140849
20.941940
20.742654
20.543072
20.343271
20.143334
19.943339
19.743367
19.543498
19.343811
19.144386
18.945304
18.746644
18.548485
18.350906
18.153988
17.957807
17.762444
17.567975
17.374479
17.182034
16.990715
16.800600
16.611765
16.424285
16.238236
16.053691
15.870725
15.689410
15.509819
15.332024
15.156097
14.982107
14.810124
14.640217
14.472454
14.306902
14.143627
13.982694
13.824168
13.668113
13.514590
13.363661
13.215387
13.069826
12.927038
12.787078
12.650004
12.515869
12.384728
12.256633
12.131636
12.009785
11.891131
11.775720
11.663598
11.554811
11.449402
11.347413
11.248885
11.153858
11.062368
10.974454
10.890150
10.809489
10.732505
10.659227
10.589686
10.523909
10.461922
10.403750
10.349416
10.298943
10.252350
10.209655
10.170877
10.136030
10.105129
10.078186
10.055211
10.036214
10.021202
10.010182
10.003157
10.000132
10.001106
10.006079
10.015050
10.028014
10.044968
10.065903
10.090812
10.119684
10.152508
10.189271
10.229958
10.274553
10.323039
10.375395
10.431600
10.491633
10.555469
10.623083
10.694447
10.769533
10.848312
10.930751
11.016818
11.106477
11.199694
11.296432
11.396650
11.500310
11.607369
11.717785
11.831514
11.948511
12.068728
12.192117
12.318629
12.448214
12.580819
12.716392
12.854879
12.996223
13.140369
13.287258
13.436832
13.589032
13.743796
13.901062
14.060768
14.222850
14.387242
14.553879
14.722695
14.893621
15.066590
15.241532
15.418378
15.597056
15.777495
15.959624
16.143368
16.328655
16.515410
16.703559
16.893027
17.083738
17.275615
17.468581
17.662560
17.857475
18.053246
18.249796
18.447045
18.644916
18.843329
19.042205
19.241464
19.441026
19.640812
19.840741
20.040735
20.240711
20.440592
20.640296
20.839745
21.038857
21.237554
21.435756
21.633383
21.830357
22.026599
22.222031
22.416574
22.610150
22.802682
22.994093
23.184306
23.373246
23.560836
23.747003
23.931670
24.114765
24.296214
24.475945
24.653885
24.829964
25.004110
25.176256
25.346330
25.514267
25.679998
25.843456
26.004578
26.163298
26.319552
26.473279
26.624416
26.772904
26.918683
27.061695
27.201881
27.339188
27.473558
27.604939
27.733279
27.858525
27.980628
28.099539
28.215210
28.327595
28.436649
28.542329
28.644591
28.743396
28.838704
28.930477
29.018677
29.103270
29.184222
29.261500
29.335074
29.404914
29.470992
29.533282
29.591758
29.646398
29.697180
29.744083
29.787088
29.826179
29.861339
29.892555
29.919814
29.943105
29.962419
29.977749
29.989087
29.996430
29.999774
29.999119
29.994464
29.985811
29.973164
29.956528
29.935910
29.911317
29.882760
29.850250
29.813800
29.773425
29.729141
29.680964
29.628916
29.573016
29.513287
29.449753
29.382439
29.311373
29.236582
29.158096
29.075947
28.990168
28.900793
28.807858
28.711400
28.611457
28.508070
28.401280
28.291129
28.177663
28.060925
27.940962
27.817824
27.691559
27.562217
27.429850
27.294511
27.156255
27.015136
26.871211
26.724538
26.575176
26.423183
26.268621
26.111551
25.952038
25.790143
25.625932
25.459471
25.290827
25.120066
24.947257
24.772469
24.595773
24.417238
24.236936
24.054940
23.871322
23.686155
23.499514
23.311473
23.122107
22.931493
22.739706
22.546823
22.352922
22.158079
21.962374
21.765883
21.568686
21.370861
21.172489
20.973647
20.774416
20.574875
20.375104
20.175183
19.975192
19.775211
19.575320
19.375598
19.176127
18.976985
18.778252
18.580008
18.382332
18.185303
17.988999
17.793500
17.598884
17.405228
17.212610
17.021107
16.830795
16.641751
16.454051
16.267768
16.082979
15.899756
15.718173
15.538303
15.360218
15.183988
15.009685
14.837378
14.667136
14.499026
14.333118
14.169476
14.008166
13.849252
13.692799
13.538869
13.387523
13.238822
13.092825
12.949591
12.809177
12.671640
12.537033
12.405412
12.276828
12.151334
12.028979
11.909812
11.793882
11.681233
11.571912
11.465962
11.363426
11.264344
11.168756
11.076701
10.988215
10.903333
10.822090
10.744518
10.670648
10.600510
10.534132
10.471539
10.412758
10.357812
10.306722
10.259510
10.216193
10.176790
10.141316
10.109786
10.082211
10.058604
10.038973
10.023326
10.011670
10.004009
10.000346
10.000683
10.005019
10.013353
10.025682
10.042001
10.062302
10.086579
10.114821
10.147016
10.183153
10.223216
10.267190
10.315057
10.366798
10.422392
10.481816
10.545048
10.612062
10.682831
10.757327
10.835519
10.917378
11.002869
11.091959
11.184612
11.280791
11.380457
11.483571
11.590092
11.699977
11.813181
11.929660
12.049368
12.172255
12.298273
12.427372
12.559500
12.694604
12.832630
12.973523
13.117226
13.263682
13.412833
13.564619
13.718978
13.875850
14.035172
14.196879
14.360908
14.527192
14.695665
14.866260
15.038908
15.213541
15.390088
15.568479
15.748643
15.930507
16.113999
16.299045
16.485571
16.673504
16.862766
17.053284
17.244980
17.437779
17.631602
17.826372
18.022012
18.218443
18.415587
18.613364
18.811696
19.010503
19.209707
19.409226
19.608981
19.808893
20.008882
20.208866
20.408768
20.608505
20.808000
21.007171
21.205939
21.404225
21.601950
21.799033
21.995397
22.190963
22.385652
22.579388
22.772091
22.963686
23.154095
23.343243
23.531053
23.717451
23.902362
24.085713
24.267429
24.447438
24.625668
24.802048
24.976507
25.148976
25.319385
25.487666
25.653753
25.817578
25.979076
26.138182
26.294834
26.448967
26.600521
26.749435
26.895649
27.039105
27.179746
27.317515
27.452356
27.584217
27.713045
27.838787
27.961394
28.080816
28.197006
28.309918
28.419505
28.525725
28.628535
28.727893
28.823761
28.916099
29.004870
29.090040
29.171574
29.249440
29.323605
29.394042
29.460721
29.523616
29.582701
29.637954
29.689351
29.736873
29.780501
29.820216
29.856003
29.887848
29.915738
29.939662
29.959610
29.975574
29.987548
29.995528
29.999509
29.999491
29.995473
29.987457
29.975446
29.959445
29.939460
29.915500
29.887574
29.855692
29.819869
29.780118
29.736455
29.688897
29.637464
29.582176
29.523056
29.460126
29.393412
29.322941
29.248741
29.170842
29.089275
29.004072
28.915267
28.822896
28.726997
28.627606
28.524765
28.418514
28.308896
28.195954
28.079734
27.960282
27.837646
27.711876
27.583020
27.451132
27.316263
27.178467
27.037801
26.894319
26.748080
26.599142
26.447564
26.293407
26.136732
25.977604
25.816084
25.652238
25.486131
25.317830
25.147401
24.974914
24.800437
24.624039
24.445793
24.265768
24.084036
23.900671
23.715746
23.529335
23.341512
23.152352
22.961932
22.770326
22.577613
22.383869
22.189171
21.993597
21.797226
21.600137
21.402407
21.204116
21.005344
20.806169
20.606672
20.406933
20.207030
20.007045
19.807057
19.607146
19.407392
19.207876
19.008676
18.809873
18.611545
18.413773
18.216636
18.020212
17.824579
17.629817
17.436003
17.243215
17.051529
16.861023
16.671772
16.483852
16.297339
16.112306
15.928829
15.746980
15.566833
15.388458
15.211928
15.037314
14.864684
14.694108
14.525655
14.359391
14.195384
14.033698
13.874398
13.717549
13.563213
13.411451
13.262325
13.115894
12.972216
12.831349
12.693350
12.558273
12.426173
12.297102
12.171112
12.048254
11.928576
11.812127
11.698953
11.589099
11.482609
11.379526
11.279891
11.183745
11.091124
11.002067
10.916609
10.834785
10.756626
10.682164
10.611430
10.544451
10.481253
10.421864
10.366305
10.314600
10.266769
10.222830
10.182803
10.146703
10.114543
10.086338
10.062098
10.041833
10.025551
10.013259
10.004961
10.000661
10.000361
10.004061
10.011759
10.023452
10.039135
10.058803
10.082447
10.110058
10.141624
10.177134
10.216573
10.259925
10.307174
10.358299
10.413280
10.472097
10.534724
10.601137
10.671310
10.745214
10.822820
10.904096
10.989011
11.077530
11.169618
11.265238
11.364352
11.466920
11.572901
11.682253
11.794931
11.910892
12.030088
12.152472
12.277995
12.406607
12.538256
12.672889
12.810454
12.950894
13.094153
13.240175
13.388901
13.540271
13.694224
13.850700
14.009636
14.170968
14.334631
14.500560
14.668689
14.838951
15.011277
15.185598
15.361845
15.539947
15.719833
15.901431
16.084669
16.269472
16.455768
16.643481
16.832537
17.022860
17.214374
17.407002
17.600667
17.795292
17.990798
18.187109
18.384144
18.581826
18.780075
18.978812
19.177957
19.377431
19.577155
19.777047
19.977029
20.177019
20.376939
20.576708
20.776247
20.975475
21.174313
21.372681
21.570500
21.767691
21.964174
22.159873
22.354707
22.548599
22.741472
22.933249
23.123852
23.313206
23.501234
23.687862
23.873015
24.056619
24.238600
24.418886
24.597404
24.774083
24.948853
25.121644
25.292385
25.461010
25.627451
25.791640
25.953513
26.113005
26.270052
26.424590
26.576559
26.725898
26.872546
27.016445
27.157538
27.295767
27.431079
27.563418
27.692732
27.818969
27.942079
28.062011
28.178719
28.292156
28.402276
28.509035
28.612391
28.712302
28.808728
28.901630
28.990972
29.076718
29.158833
29.237285
29.312042
29.383075
29.450354
29.513853
29.573547
29.629412
29.681424
29.729565
29.773814
29.814153
29.850567
29.883041
29.911561
29.936117
29.956699
29.973299
29.985909
29.994525
29.999143
29.999762
29.996380
29.989001
29.977626
29.962260
29.942909
29.919582
29.892286
29.861034
29.825838
29.786711
29.743670
29.696731
29.645914
29.591239
29.532727
29.470402
29.404290
29.334415
29.260807
29.183495
29.102510
29.017883
28.929650
28.837845
28.742505
28.643668
28.541374
28.435663
28.326578
28.214162
28.098461
27.979521
27.857389
27.732114
27.603747
27.472338
27.337940
27.200607
27.060394
26.917357
26.771553
26.623041
26.471879
26.318129
26.161851
26.003109
25.841966
25.678486
25.512735
25.344778
25.174684
25.002520
24.828355
24.652259
24.474302
24.294555
24.113091
23.929981
23.745300
23.559120
23.371517
23.182565
22.992340
22.800919
22.608377
22.414791
22.220240
22.024801
21.828552
21.631571
21.433938
21.235731
21.037030
20.837914
20.638463
20.438757
20.238875
20.038898
19.838905
19.638977
19.439192
19.239633
19.040377
18.841505
18.643097
18.445231
18.247987
18.051444
17.855681
17.660775
17.466805
17.273847
17.081981
16.891281
16.701826
16.513689
16.326947
16.141673
15.957944
15.775831
15.595407
15.416745
15.239917
15.064993
14.892042
14.721135
14.552339
14.385722
14.221351
14.059291
13.899607
13.742363
13.587623
13.435447
13.285897
13.139032
12.994912
12.853594
12.715134
12.579588
12.447010
12.317453
12.190970
12.067609
11.947422
11.830455
11.716756
11.606370
11.499342
11.395714
11.295527
11.198822
11.105638
11.016011
10.929977
10.847572
10.768827
10.693775
10.622445
10.554865
10.491064
10.431067
10.374896
10.322576
10.274126
10.229567
10.188916
10.152189
10.119401
10.090565
10.065692
10.044794
10.027877
10.014949
10.006015
10.001078
10.000141
10.003204
10.010265
10.021322
10.036370
10.055404
10.078415
10.105395
10.136332
10.171215
10.210030
10.252760
10.299389
10.349898
10.404266
10.462473
10.524495
10.590307
10.659883
10.733195
10.810213
10.890907
10.975245
11.063192
11.154714
11.249774
11.348334
11.450355
11.555795
11.664613
11.776765
11.892206
12.010890
12.132769
12.257796
12.385919
12.517088
12.651249
12.788350
12.928336
13.071150
13.216736
13.365035
13.515988
13.669534
13.825613
13.984161
14.145115
14.308412
14.473985
14.641768
14.811694
14.983696
15.157704
15.333649
15.511460
15.691067
15.872397
16.055379
16.239938
16.426001
16.613493
16.802341
16.992467
17.183796
17.376251
17.569757
17.764234
17.959605
18.155793
18.352718
18.550302
18.748466
18.947130
19.146216
19.345643
19.545332
19.745203
19.945176
20.145170
20.345107
20.544905
20.744486
20.943769
21.142674
21.341122
21.539034
21.736330
21.932932
22.128761
22.323738
22.517785
22.710826
22.902782
23.093577
23.283135
23.471380
23.658236
23.843628
24.027484
24.209728
24.390289
24.569093
24.746070
24.921149
25.094259
25.265332
25.434299
25.601091
25.765644
25.927890
26.087766
26.245206
26.400148
26.552530
26.702292
26.849372
26.993713
27.135257
27.273946
27.409726
27.542542
27.672342
27.799072
27.922683
28.043125
28.160350
28.274311
28.384962
28.492259
28.596159
28.696622
28.793605
28.887072
28.976983
29.063304
29.146000
29.225037
29.300385
29.372012
29.439891
29.503994
29.564296
29.620772
29.673399
29.722158
29.767028
29.807991
29.845031
29.878133
29.907284
29.932472
29.953688
29.970922
29.984168
29.993420
29.998675
29.999931
29.997187
29.990444
29.979705
29.964974
29.946258
29.923563
29.896899
29.866276
29.831707
29.793205
29.750786
29.704467
29.654266
29.600204
29.542302
29.480583
29.415072
29.345795
29.272779
29.196055
29.115653
29.031604
28.943943
28.852704
28.757924
28.659642
28.557895
28.452726
28.344175
28.232287
28.117107
27.998679
27.877052
27.752275
27.624396
27.493468
27.359543
27.222674
27.082916
26.940325
26.794957
26.646872
26.496129
26.342787
26.186907
26.028554
25.867789
25.704676
25.539282
25.371673
25.201915
25.030076
24.856225
24.680432
24.502766
24.323300
24.142104
23.959252
23.774815
23.588869
23.401488
23.212746
23.022719
22.831482
22.639114
22.445689
22.251287
22.055984
21.859858
21.662989
21.465455
21.267334
21.068706
20.869651
20.670248
20.470577
20.270718
20.070751
19.870755
19.670811
19.470998
19.271397
19.072088
18.873150
18.674662
18.476705
18.279357
18.082697
17.886804
17.691756
17.497631
17.304508
17.112462
16.921572
16.731913
16.543561
16.356592
16.171080
15.987099
15.804724
15.624026
15.445079
15.267954
15.092722
14.919452
14.748215
14.579078
14.412110
14.247376
14.084944
13.924877
13.767241
13.612097
13.459509
13.309537
13.162241
13.017679
12.875911
12.736992
12.600979
12.467924
12.337883
12.210906
12.087045
11.966349
11.848866
11.734644
11.623727
11.516161
11.411989
11.311251
11.213989
11.120242
11.030046
10.943437
10.860452
10.781122
10.705479
10.633555
10.565376
10.500972
10.440366
10.383585
10.330650
10.281583
10.236402
10.195128
10.157775
10.124358
10.094892
10.069388
10.047856
10.030304
10.016741
10.007170
10.001597
10.000023
10.002448
10.008873
10.019294
10.033707
10.052106
10.074484
10.100833
10.131141
10.165396
10.203585
10.245693
10.291702
10.341594
10.395350
10.452947
10.514363
10.579573
10.648551
10.721270
10.797700
10.877811
10.961570
11.048945
11.139900
11.234399
11.332404
11.433876
11.538775
11.647057
11.758681
11.873602
11.991772
12.113146
12.237675
12.365308
12.495995
12.629684
12.766320
12.905850
13.048218
13.193366
13.341237
13.491771
13.644909
13.800588
13.958747
14.119322
14.282250
14.447465
14.614900
14.784490
14.956166
15.129859
15.305500
15.483019
15.662345
15.843405
16.026128
16.210441
16.396270
16.583540
16.772176
16.962104
17.153246
17.345528
17.538871
17.733198
17.928433
18.124495
18.321308
18.518793
18.716870
18.915460
19.114484
19.313862
19.513514
19.713362
19.913323
20.113320
20.313271
20.513097
20.712718
20.912053
21.111024
21.309550
21.507553
21.704952
21.901670
22.097627
22.292745
22.486946
22.680152
22.872286
23.063271
23.253031
23.441490
23.628572
23.814203
23.998308
24.180814
24.361648
24.540737
24.718009
24.893395
25.066824
25.238225
25.407532
25.574675
25.739589
25.902207
26.062464
26.220297
26.375641
26.528435
26.678618
26.826129
26.970910
27.112903
27.252051
27.388298
27.521590
27.651873
27.779096
27.903207
28.024157
28.141897
28.256381
28.367562
28.475397
28.579841
28.680853
28.778394
28.872423
28.962903
29.049798
29.133073
29.212696
29.288633
29.360855
29.429332
29.494039
29.554947
29.612034
29.665276
29.714652
29.760143
29.801729
29.839395
29.873125
29.902906
29.928726
29.950575
29.968444
29.982325
29.992214
29.998106
29.999999
29.997891
29.991785
29.981683
29.967587
29.949505
29.927443
29.901411
29.871418
29.837476
29.799600
29.757804
29.712104
29.662521
29.609072
29.551780
29.490667
29.425758
29.357079
29.284657
29.208522
29.128703
29.045233
28.958145
28.867473
28.773255
28.675528
28.574330
28.469703
28.361688
28.250329
28.135670
28.017756
27.896635
27.772356
27.644968
27.514523
27.381071
27.244667
27.105365
26.963222
26.818293
26.670637
26.520312
26.367380
26.211901
26.053937
25.893552
25.730809
25.565774
25.398513
25.229092
25.057580
24.884045
24.708556
24.531185
24.352000
24.171075
23.988481
23.804293
23.618582
23.431424
23.242894
23.053066
22.862018
22.669824
22.476563
22.282311
22.087146
21.891146
21.694390
21.496956
21.298924
21.100371
20.901379
20.702026
20.502393
20.302558
20.102602
19.902606
19.702648
19.502809
19.303169
19.103808
18.904805
18.706241
18.508194
18.310743
18.113968
17.917948
17.722760
17.528484
17.335196
17.142973
16.951894
16.762033
16.573468
16.386274
16.200525
16.016295
15.833659
15.652690
15.473459
15.296039
15.120500
14.946914
14.775348
14.605872
14.438554
14.273460
14.110657
13.950209
13.792182
13.636637
13.483637
13.333244
13.185518
13.040517
12.898300
12.758924
12.622444
12.488915
12.358390
12.230922
12.106561
11.985358
11.867360
11.752615
11.641169
11.533067
11.428351
11.327064
11.229246
11.134936
11.044171
10.956990
10.873425
10.793510
10.717279
10.644760
10.575983
10.510975
10.449763
10.392371
10.338822
10.289138
10.243337
10.201439
10.163460
10.129416
10.099320
10.073184
10.051019
10.032833
10.018634
10.008427
10.002217
10.000006
10.001794
10.007582
10.017367
10.031144
10.048909
10.070654
10.096371
10.126049
10.159677
10.197240
10.238725
10.284114
10.333389
10.386531
10.443518
10.504327
10.568935
10.637314
10.709439
10.785280
10.864807
10.947987
11.034789
11.125176
11.219113
11.316562
11.417485
11.521840
11.629587
11.740682
11.855080
11.972736
12.093603
12.217632
12.344775
12.474979
12.608193
12.744364
12.883437
13.025356
13.170065
13.317506
13.467620
13.620347
13.775626
13.933394
14.093589
14.256147
14.421001
14.588088
14.757339
14.928687
15.102063
15.277399
15.454624
15.633666
15.814455
15.996919
16.180983
16.366575
16.553621
16.742044
16.931771
17.122726
17.314831
17.508010
17.702186
17.897281
18.093217
18.289916
18.487299
18.685286
18.883800
19.082760
19.282087
19.481702
19.681523
19.881472
20.081468
20.281432
20.481283
20.680942
20.880328
21.079362
21.277965
21.476056
21.673557
21.870388
22.066472
22.261729
22.456081
22.649450
22.841760
23.032934
23.222894
23.411565
23.598871
23.784738
23.969092
24.151857
24.332962
24.512334
24.689901
24.865592
25.039336
25.211065
25.380710
25.548203
25.713476
25.876464
26.037102
26.195324
26.351069
26.504274
26.654876
26.802817
26.948037
27.090478
27.230082
