37.904414
37.880030
37.856540
37.835678
37.818307
37.802683
37.789671
37.779266
37.770599
37.764533
37.764533
37.768866
37.774065
37.777532
37.784468
37.794875
37.807022
37.823517
37.840892
37.858279
37.876548
37.896574
37.916615
37.936672
37.956746
37.976836
38.000441
38.024068
38.048593
38.072266
38.094205
38.114406
38.133744
38.152217
38.173345
38.194492
38.213009
38.229775
38.246552
38.265108
38.284562
38.302261
38.316428
38.301375
38.286331
38.271296
38.257154
38.243019
38.228010
38.213891
38.202426
38.191847
38.182154
38.171584
38.162779
38.157497
38.152217
38.148697
38.144298
38.139900
38.134623
38.130227
38.129348
38.129348
38.130227
38.131985
38.133744
38.138141
38.146937
38.156617
38.165420
38.174226
38.183035
38.192729
38.202426
38.212127
38.221832
38.229775
38.237721
38.244785
38.250969
38.258037
38.265108
38.272180
38.281908
38.292525
38.304031
38.317314
38.307573
38.296950
38.287216
38.274833
38.263340
38.253619
38.244785
38.237721
38.231540
38.228010
38.224479
38.221832
38.219185
38.216538
38.212127
38.210363
38.210363
38.208599
38.206835
38.205953
38.203308
38.201544
38.200663
38.198899
38.197136
38.195373
38.196255
38.200663
38.205953
38.211245
38.215656
38.219185
38.222714
38.227127
38.231540
38.236838
38.242136
38.248319
38.252736
38.258037
38.264224
38.270412
38.275717
38.282793
38.290755
38.299605
38.308458
38.317314
38.311115
38.303146
38.294295
38.286331
38.276602
38.265108
38.252736
38.240370
38.230658
38.220067
38.208599
38.197136
38.185678
38.175988
38.168061
38.161018
38.156617
38.153097
38.150457
38.148697
38.146937
38.146058
38.144298
38.142539
38.139020
38.137262
38.138141
38.139020
38.139900
38.141659
38.143418
38.146058
38.150457
38.155737
38.161018
38.165420
38.169823
38.174226
38.178630
38.183035
38.186560
38.190085
38.192729
38.196255
38.199781
38.202426
38.205071
38.208599
38.212127
38.217420
38.222714
38.229775
38.238604
38.246552
38.253619
38.259805
38.265992
38.273065
38.281024
38.287216
38.293410
38.298720
38.304916
38.310229
38.314657
38.317314
38.313771
38.311115
38.307573
38.302261
38.296065
38.291640
38.288101
38.283677
38.281024
38.279255
38.278370
38.278370
38.278370
38.278370
38.278370
38.278370
38.279255
38.281024
38.284562
38.288101
38.290755
38.292525
38.293410
38.292525
38.291640
38.291640
38.290755
38.288985
38.288101
38.288101
38.285447
38.281908
38.279255
38.276602
38.274833
38.273949
38.269528
38.264224
38.259805
38.257154
38.254503
38.251852
38.250085
38.250085
38.250085
38.250085
38.251852
38.253619
38.255386
38.256270
38.257154
38.258921
38.261572
38.265108
38.269528
38.273949
38.278370
38.284562
38.290755
38.294295
38.297835
38.300490
38.304031
38.306687
38.310229
38.313771
38.315543
38.317314
38.317314
38.315543
38.312886
38.309344
38.304031
38.299605
38.292525
38.283677
38.275717
38.268644
38.260688
38.254503
38.248319
38.243019
38.237721
38.233306
38.228010
38.221832
38.216538
38.210363
38.205953
38.201544
38.198899
38.198018
38.197136
38.193610
38.189203
38.187441
38.188322
38.188322
38.189203
38.192729
38.197136
38.203308
38.210363
38.217420
38.224479
38.231540
38.238604
38.248319
38.257154
38.266876
38.276602
38.284562
38.293410
38.301375
38.307573
38.312000
38.316428
38.318200
38.316428
38.313771
38.309344
38.307573
38.306687
38.305802
38.306687
38.306687
38.306687
38.307573
38.312886
38.318200
38.312886
38.307573
38.301375
38.296065
38.290755
38.284562
38.277486
38.269528
38.263340
38.255386
38.247435
38.237721
38.228010
38.219185
38.210363
38.203308
38.194492
38.185678
38.176868
38.166300
38.154857
38.143418
38.131985
38.123194
38.115285
38.107378
38.100351
38.092449
38.082794
38.073143
38.063496
38.056482
38.052099
38.048593
38.045964
38.045964
38.049470
38.052099
38.054728
38.057358
38.060865
38.064373
38.070512
38.076652
38.083672
38.092449
38.102108
38.112649
38.124952
38.138141
38.153097
38.168942
38.184797
38.202426
38.220949
38.239487
38.257154
38.274833
38.292525
38.309344
38.310229
38.293410
38.277486
38.263340
38.250085
38.237721
38.224479
38.212127
38.201544
38.190085
38.179511
38.169823
38.160138
38.151337
38.146058
38.140780
38.135503
38.131106
38.125831
38.121436
38.118800
38.115285
38.113527
38.111770
38.110892
38.110013
38.109135
38.110013
38.111770
38.113527
38.115285
38.117042
38.119678
38.123194
38.128468
38.133744
38.139020
38.144298
38.150457
38.156617
38.163659
38.170703
38.177749
38.185678
38.193610
38.202426
38.211245
38.220067
38.226244
38.230658
38.235072
38.237721
38.241253
38.244785
38.248319
38.250969
38.255386
38.259805
38.264224
38.267760
38.270412
38.273065
38.276602
38.281908
38.287216
38.290755
38.293410
38.296065
38.299605
38.303146
38.304916
38.306687
38.306687
38.307573
38.307573
38.308458
38.308458
38.307573
38.306687
38.306687
38.306687
38.305802
38.305802
38.304916
38.303146
38.299605
38.295180
38.288985
38.283677
38.278370
38.273949
38.269528
38.265992
38.261572
38.257154
38.251852
38.246552
38.239487
38.233306
38.228892
38.223597
38.218302
38.211245
38.203308
38.196255
38.187441
38.177749
38.168061
38.157497
38.148697
38.139900
38.131985
38.123194
38.113527
38.103864
38.095083
38.086305
38.077530
38.068757
38.059988
38.050346
38.040707
38.031072
38.019691
38.008314
37.997817
37.988198
37.979458
37.971594
37.964605
37.958492
37.953254
37.947144
37.940162
37.934928
37.929694
37.926206
37.923590
37.918358
37.914000
37.910514
37.907899
37.907899
37.907899
37.910514
37.916615
37.925334
37.934928
37.948016
37.965479
37.984702
38.005689
38.028445
38.051222
38.074020
38.098595
38.125831
38.157497
38.191847
38.228010
38.265108
38.304031
38.293410
38.254503
38.214773
38.173345
38.133744
38.095083
38.057358
38.019691
37.985576
37.952381
37.920102
37.889606
37.860888
37.832203
37.803551
37.774932
37.747212
37.722118
37.700506
37.683230
37.665966
37.649576
37.635783
37.625443
37.615969
37.607359
37.600473
37.597031
37.595310
37.595310
37.597031
37.599613
37.603916
37.610803
37.619414
37.629751
37.641817
37.655613
37.672870
37.693594
37.716065
37.737691
37.761068
37.786202
37.813098
37.840023
37.868717
37.897445
37.927950
37.959366
37.992570
38.025819
38.059112
38.093327
38.126710
38.160138
38.195373
38.231540
38.267760
38.304031
38.296065
38.260688
38.228010
38.197136
38.167181
38.137262
38.107378
38.081039
38.058235
38.039831
38.021441
38.003939
37.989947
37.975962
37.963732
37.953254
37.944525
37.936672
37.928822
37.922718
37.917487
37.914871
37.914000
37.915743
37.918358
37.920974
37.923590
37.926206
37.928822
37.930566
37.932311
37.935800
37.940162
37.945398
37.949762
37.955873
37.962859
37.970720
37.977710
37.985576
37.994319
38.003939
38.013564
38.021441
38.030197
38.038955
38.047717
38.056482
38.064373
38.074020
38.086305
38.098595
38.108256
38.117921
38.127589
38.135503
38.142539
38.151337
38.158377
38.163659
38.167181
38.168942
38.169823
38.169823
38.168942
38.167181
38.165420
38.162779
38.161898
38.162779
38.165420
38.166300
38.167181
38.168061
38.169823
38.168942
38.168061
38.166300
38.163659
38.160138
38.156617
38.153097
38.150457
38.146937
38.143418
38.139900
38.136382
38.134623
38.132865
38.131106
38.129348
38.128468
38.127589
38.125831
38.124073
38.122315
38.120557
38.120557
38.121436
38.120557
38.119678
38.119678
38.122315
38.126710
38.130227
38.135503
38.141659
38.149577
38.156617
38.164540
38.171584
38.180392
38.189203
38.198018
38.207717
38.218302
38.229775
38.242136
38.254503
38.267760
38.281024
38.295180
38.308458
38.313771
38.301375
38.288985
38.277486
38.266876
38.256270
38.244785
38.234189
38.224479
38.214773
38.204190
38.193610
38.183035
38.173345
38.164540
38.157497
38.149577
38.142539
38.137262
38.132865
38.128468
38.124073
38.119678
38.114406
38.111770
38.109135
38.105621
38.102108
38.096839
38.090693
38.084549
38.079284
38.074020
38.067003
38.059988
38.052975
38.046841
38.044212
38.041583
38.039831
38.038079
38.037203
38.036327
38.037203
38.038079
38.038955
38.040707
38.042460
38.045088
38.047717
38.050346
38.052975
38.055605
38.059112
38.064373
38.070512
38.076652
38.082794
38.088938
38.095961
38.102986
38.109135
38.116163
38.123194
38.131106
38.139020
38.147817
38.155737
38.163659
38.171584
38.179511
38.187441
38.194492
38.201544
38.207717
38.214773
38.221832
38.228010
38.234189
38.239487
38.243902
38.245669
38.247435
38.249202
38.250085
38.251852
38.251852
38.252736
38.253619
38.254503
38.254503
38.255386
38.254503
38.254503
38.252736
38.250969
38.249202
38.249202
38.248319
38.247435
38.246552
38.244785
38.243019
38.241253
38.237721
38.234189
38.230658
38.227127
38.222714
38.217420
38.212127
38.207717
38.203308
38.198899
38.194492
38.188322
38.183916
38.179511
38.175107
38.171584
38.167181
38.164540
38.161018
38.158377
38.155737
38.153097
38.150457
38.148697
38.146058
38.144298
38.142539
38.141659
38.139900
38.139020
38.138141
38.137262
38.138141
38.139900
38.140780
38.142539
38.144298
38.148697
38.153097
38.158377
38.164540
38.170703
38.176868
38.182154
38.184797
38.189203
38.193610
38.198899
38.205071
38.210363
38.216538
38.221832
38.227127
38.232423
38.237721
38.243019
38.248319
38.254503
38.259805
38.265992
38.272180
38.278370
38.283677
38.288985
38.295180
38.301375
38.307573
38.314657
38.314657
38.305802
38.297835
38.289870
38.281024
38.271296
38.263340
38.254503
38.244785
38.235072
38.225362
38.215656
38.205953
38.195373
38.184797
38.174226
38.164540
38.154857
38.145178
38.136382
38.127589
38.118800
38.109135
38.099473
38.089816
38.080162
38.070512
38.059988
38.049470
38.039831
38.030197
38.021441
38.011814
38.003065
37.994319
37.985576
37.977710
37.969846
37.962859
37.956746
37.950635
37.945398
37.940162
37.935800
37.930566
37.925334
37.920974
37.917487
37.914871
37.912257
37.910514
37.908771
37.907028
37.905285
37.904414
37.905285
37.907028
37.908771
37.911385
37.914000
37.919230
37.925334
37.932311
37.940162
37.948016
37.956746
37.964605
37.970720
37.977710
37.985576
37.993444
38.002190
38.011814
38.021441
38.031948
38.043336
38.055605
38.068757
38.082794
38.098595
38.116163
38.135503
38.154857
38.175107
38.196255
38.217420
38.240370
38.263340
38.286331
38.309344
38.304031
38.281024
38.258921
38.236838
38.215656
38.195373
38.175988
38.156617
38.136382
38.117042
38.098595
38.081039
38.064373
38.048593
38.033700
38.018815
38.004814
37.991696
37.978584
37.967226
37.956746
37.948016
37.940162
37.934055
37.928822
37.923590
37.919230
37.915743
37.913128
37.910514
37.907899
37.907028
37.906156
37.906156
37.907899
37.909642
37.913128
37.915743
37.918358
37.922718
37.927078
37.932311
37.938417
37.944525
37.949762
37.956746
37.962859
37.969846
37.977710
37.986450
37.996942
38.006564
38.017065
38.027570
38.039831
38.051222
38.061742
38.073143
38.084549
38.095961
38.107378
38.118800
38.129348
38.140780
38.151337
38.161018
38.170703
38.179511
38.188322
38.197136
38.205953
38.213009
38.219185
38.225362
38.230658
38.234189
38.238604
38.243019
38.247435
38.251852
38.255386
38.261572
38.266876
38.273065
38.279255
38.286331
38.294295
38.303146
38.311115
38.316428
38.307573
38.298720
38.288985
38.279255
38.269528
38.260688
38.251852
38.243902
38.234189
38.224479
38.215656
38.205953
38.197136
38.188322
38.179511
38.170703
38.161898
38.153097
38.145178
38.137262
38.128468
38.120557
38.113527
38.107378
38.102108
38.096839
38.091571
38.087182
38.083672
38.080162
38.077530
38.074020
38.070512
38.067880
38.066126
38.065249
38.064373
38.064373
38.064373
38.063496
38.063496
38.063496
38.064373
38.065249
38.067003
38.068757
38.071389
38.074020
38.077530
38.080162
38.084549
38.088060
38.092449
38.097717
38.103864
38.110013
38.117042
38.124073
38.131106
38.138141
38.145178
38.152217
38.159258
38.166300
38.173345
38.179511
38.186560
38.192729
38.198899
38.205071
38.211245
38.218302
38.224479
38.229775
38.235072
38.239487
38.243902
38.249202
38.252736
38.257154
38.260688
38.264224
38.267760
38.270412
38.273065
38.275717
38.277486
38.279255
38.280139
38.279255
38.277486
38.274833
38.271296
38.266876
38.259805
38.251852
38.241253
38.228892
38.213891
38.197136
38.176868
38.154857
38.130227
38.102108
38.073143
38.040707
38.006564
37.968099
37.927078
37.880900
37.832203
37.780133
37.722983
37.661652
37.596171
37.524859
37.448624
37.367513
37.281577
37.190024
37.093764
36.991178
36.883188
36.770703
36.653793
36.530062
36.401264
36.266677
36.127221
35.981391
35.830919
35.674327
35.512548
35.344153
35.170865
34.992057
34.807893
34.618543
34.423432
34.224239
34.020390
33.812794
33.602333
33.388439
33.169878
32.948255
32.723741
32.496510
32.267403
32.035250
31.801555
31.566467
31.330134
31.092083
30.854332
30.616976
30.381299
30.146165
29.912821
29.682441
29.455008
29.229950
29.007818
28.788591
28.574359
28.363446
28.157342
27.954925
27.757121
27.564796
27.378279
27.196927
27.021065
26.850076
26.684734
26.525317
26.372089
26.223990
26.083020
25.947259
25.818654
25.695743
25.578366
25.466367
25.360803
25.261894
25.169858
25.082964
25.002634
24.928337
24.861084
24.799221
24.743025
24.690530
24.642048
24.597890
24.557996
24.521212
24.488965
24.458654
24.431715
24.405944
24.383138
24.360390
24.339858
24.319014
24.298577
24.277830
24.257131
24.234702
24.212685
24.188954
24.164229
24.137112
24.107626
24.074399
24.039213
24.000707
23.960652
23.917012
23.871550
23.822602
23.771916
23.717855
23.662148
23.602525
23.540712
23.475468
23.408492
23.338242
23.266394
23.191124
23.114094
23.033836
22.952593
22.868912
22.783488
22.695522
22.607157
22.516429
22.425431
22.332808
22.240580
22.147133
22.053621
21.959816
21.866285
21.771513
21.677612
21.583335
21.489965
21.396049
21.303791
21.212219
21.122262
21.033202
20.946378
20.860624
20.777662
20.695905
20.616596
20.539243
20.464818
20.392010
20.322375
20.254429
20.189102
20.125156
20.063510
20.003908
19.947036
19.891712
19.839352
19.788611
19.739986
19.692006
19.645535
19.599150
19.554572
19.510737
19.467797
19.424394
19.381707
19.338570
19.296466
19.254727
19.213027
19.170573
19.128807
19.086310
19.044033
19.000288
18.956030
18.910224
18.864111
18.816229
18.767949
18.718566
18.669549
18.619618
18.569366
18.517145
18.464806
18.411136
18.357927
18.303974
18.250225
18.195768
18.141528
18.086741
18.032554
17.977958
17.924318
17.870512
17.817748
17.764923
17.713217
17.662131
17.612685
17.564147
17.517400
17.471384
17.426749
17.382576
17.340391
17.299168
17.259969
17.221568
17.185233
17.149967
17.116705
17.084359
17.053964
17.024863
16.997975
16.972028
16.948248
16.925584
16.904945
16.885802
16.869263
16.853782
16.840570
16.828601
16.819081
16.810787
16.804523
16.799576
16.797357
16.796348
16.797659
16.800586
16.805937
16.812303
16.820801
16.831236
16.845039
16.860601
16.878344
16.897670
16.919519
16.942884
16.968921
16.996623
17.027266
17.059527
17.094278
17.131348
17.171423
17.213163
17.257582
17.303977
17.353610
17.405231
17.459686
17.515811
17.574692
17.635262
17.697816
17.761595
17.827968
17.895819
17.966937
18.040581
18.117245
18.195768
18.277816
18.361947
18.447986
18.536296
18.628683
18.723771
18.822871
18.924689
19.029818
19.137794
19.249879
19.366127
19.487607
19.613925
19.745703
19.881233
20.020867
20.165176
20.315781
20.470776
20.631605
20.797471
20.968131
21.143292
21.324278
21.510593
21.703177
21.900713
22.103045
22.308871
22.519864
22.736127
22.958367
23.184232
23.415907
23.651185
23.891004
24.135355
24.386030
24.642048
24.904209
25.169465
25.438863
25.711495
25.986359
26.264541
26.547698
26.834446
27.126083
27.419698
27.716543
28.016483
28.319381
28.624560
28.932916
29.244329
29.559238
29.874660
30.193852
30.514941
30.837130
31.158320
31.481365
31.808710
32.139676
32.470835
32.804007
33.137658
33.474426
33.812070
34.151147
34.493760
34.837587
35.182477
35.530639
35.883629
36.239854
36.594320
36.950938
37.309622
37.672870
38.040707
38.223597
37.853061
37.487996
37.126652
36.770703
36.418450
36.069098
35.723490
35.380854
35.039695
34.699375
34.356322
34.016729
33.681352
33.348772
33.019059
32.689546
32.362456
32.039205
31.716580
31.397322
31.081484
30.770340
30.466267
30.165575
29.866578
29.573946
29.287553
29.005097
28.726583
28.452015
28.182418
27.918733
27.660837
27.409571
27.164287
26.923912
26.688816
26.458884
26.231392
26.009803
25.796465
25.590249
25.388095
25.190324
24.996839
24.810198
24.629038
24.454280
24.285693
24.122357
23.961685
23.804658
23.649857
23.499873
23.353586
23.212152
23.076021
22.944698
22.817718
22.696696
22.578807
22.465951
22.358227
22.257106
22.162075
22.073454
21.989170
21.910657
21.837216
21.769206
21.706221
21.650891
21.602028
21.560481
21.524630
21.496097
21.474539
21.459883
21.451106
21.449401
21.455249
21.469405
21.491436
21.522412
21.561225
21.607772
21.662725
21.727317
21.799516
21.880086
21.968001
22.064335
22.169422
22.283078
22.405117
22.537352
22.679402
22.832053
22.994633
23.167966
23.351666
23.546610
23.751728
23.966510
24.190369
24.424085
24.667003
24.919521
25.180873
25.452606
25.732672
26.020476
26.315771
26.618715
26.926690
27.241060
27.559916
27.883644
28.211135
28.544327
28.879967
29.217242
29.553585
29.891994
30.227497
30.561349
30.891870
31.221051
31.547234
31.873230
32.194779
32.508685
32.810884
33.106891
33.396240
33.677753
33.948033
34.207974
34.457070
34.694834
34.920034
35.137611
35.345714
35.545596
35.733813
35.914834
36.086035
36.247979
36.398810
36.539937
36.669513
36.791493
36.906586
37.013844
37.113154
37.204412
37.286674
37.363252
37.434944
37.503421
37.566934
37.624582
37.678913
37.728173
37.773199
37.815702
37.854800
37.890477
37.921846
37.952381
37.982954
38.010939
38.035452
38.057358
38.075775
38.094205
38.112649
38.128468
38.141659
38.152217
38.162779
38.171584
38.182154
38.191847
38.201544
38.212127
38.222714
38.232423
38.240370
38.246552
38.251852
38.256270
38.259805
38.262456
38.265108
38.268644
38.270412
38.270412
38.269528
38.267760
38.264224
38.258921
38.254503
38.248319
38.242136
38.235072
38.227127
38.219185
38.211245
38.201544
38.192729
38.183916
38.176868
38.169823
38.162779
38.155737
38.149577
38.143418
38.138141
38.131985
38.124952
38.117921
38.111770
38.106499
38.101230
38.095961
38.090693
38.085427
38.081039
38.076652
38.074020
38.071389
38.070512
38.070512
38.070512
38.070512
38.071389
38.071389
38.072266
38.072266
38.074020
38.077530
38.080162
38.084549
38.088938
38.095083
38.101230
38.108256
38.115285
38.120557
38.127589
38.135503
38.144298
38.153097
38.161898
38.169823
38.177749
38.185678
38.193610
38.202426
38.212127
38.221832
38.231540
38.241253
38.250969
38.261572
38.271296
38.280139
38.288985
38.299605
38.311115
38.313771
38.300490
38.287216
38.273949
38.262456
38.250085
38.239487
38.228892
38.218302
38.208599
38.199781
38.191847
38.183916
38.177749
38.171584
38.166300
38.161018
38.154857
38.149577
38.146058
38.143418
38.140780
38.139020
38.139020
38.138141
38.138141
38.137262
38.137262
38.136382
38.136382
38.137262
38.138141
38.141659
38.146058
38.149577
38.153097
38.155737
38.158377
38.163659
38.168942
38.174226
38.180392
38.186560
38.194492
38.203308
38.212127
38.220067
38.229775
38.240370
38.250085
38.261572
38.272180
38.283677
38.296065
38.308458
38.314657
38.301375
38.288101
38.274833
38.261572
38.248319
38.234189
38.220949
38.207717
38.193610
38.179511
38.165420
38.152217
38.139900
38.129348
38.117921
38.107378
38.095961
38.085427
38.075775
38.067880
38.060865
38.054728
38.048593
38.044212
38.039831
38.036327
38.033700
38.031072
38.029321
38.028445
38.028445
38.028445
38.028445
38.030197
38.031948
38.034576
38.037203
38.040707
38.044212
38.048593
38.052099
38.056482
38.059988
38.064373
38.068757
38.074020
38.079284
38.085427
38.091571
38.097717
38.103864
38.109135
38.115285
38.121436
38.127589
38.135503
38.142539
38.150457
38.158377
38.168061
38.176868
38.186560
38.196255
38.205953
38.215656
38.226244
38.235955
38.246552
38.257154
38.266876
38.274833
38.282793
38.291640
38.300490
38.308458
38.316428
38.312000
38.303146
38.294295
38.284562
38.274833
38.265992
38.255386
38.244785
38.233306
38.220949
38.209481
38.198899
38.189203
38.179511
38.169823
38.160138
38.151337
38.141659
38.131985
38.121436
38.110892
38.101230
38.090693
38.079284
38.068757
38.058235
38.048593
38.039831
38.031072
38.024068
38.017065
38.010064
38.005689
38.002190
37.999566
37.997817
37.996068
37.995193
37.994319
37.995193
37.996068
37.997817
37.999566
38.002190
38.006564
38.010064
38.012689
38.015314
38.017940
38.021441
38.025819
38.031072
38.038079
38.043336
38.049470
38.054728
38.059988
38.064373
38.069634
38.073143
38.076652
38.080162
38.082794
38.086305
38.089816
38.092449
38.095083
38.097717
38.101230
38.104743
38.108256
38.110892
38.113527
38.114406
38.115285
38.117042
38.118800
38.119678
38.122315
38.124952
38.126710
38.127589
38.128468
38.129348
38.129348
38.129348
38.129348
38.130227
38.130227
38.128468
38.126710
38.124073
38.121436
38.118800
38.117042
38.115285
38.114406
38.114406
38.115285
38.115285
38.115285
38.115285
38.114406
38.114406
38.114406
38.114406
38.114406
38.113527
38.113527
38.113527
38.113527
38.115285
38.117921
38.121436
38.125831
38.131985
38.137262
38.144298
38.150457
38.158377
38.167181
38.175988
38.183916
38.191847
38.200663
38.209481
38.217420
38.226244
38.235955
38.246552
38.257154
38.268644
38.281024
38.293410
38.305802
38.317314
38.307573
38.295180
38.281908
38.268644
38.255386
38.242136
38.228892
38.217420
38.204190
38.190966
38.176868
38.165420
38.153977
38.144298
38.133744
38.122315
38.109135
38.095083
38.081917
38.070512
38.061742
38.053852
38.047717
38.043336
38.038955
38.036327
38.033700
38.032824
38.033700
38.034576
38.036327
38.039831
38.045964
38.054728
38.064373
38.075775
38.088938
38.103864
38.120557
38.137262
38.155737
38.177749
38.201544
38.226244
38.252736
38.280139
38.308458
38.298720
38.266876
38.235072
38.201544
38.164540
38.126710
38.087182
38.048593
38.009189
37.969846
37.930566
37.890477
37.850453
37.811362
37.771465
37.733364
37.696186
37.659926
37.624582
37.590149
37.555764
37.522285
37.490566
37.461456
37.433235
37.407608
37.384566
37.363252
37.342807
37.324932
37.308771
37.294321
37.281577
37.272236
37.264597
37.259505
37.255262
37.252717
37.252717
37.256111
37.262051
37.268841
37.277331
37.290072
37.304520
37.320678
37.340253
37.362399
37.387125
37.411877
37.440928
37.471726
37.504278
37.537731
37.572091
37.610803
37.653026
37.697050
37.743749
37.790538
37.837416
37.884382
37.932311
37.981206
38.032824
38.086305
38.141659
38.197136
38.254503
38.312886
38.265992
38.208599
38.148697
38.088938
38.030197
37.970720
37.912257
37.853061
37.794875
37.739422
37.684093
37.628028
37.572091
37.517139
37.464023
37.412731
37.361547
37.311322
37.262051
37.213727
37.167191
37.122433
37.078601
37.034849
36.993696
36.953451
36.914111
36.876507
36.840630
36.807305
36.774028
36.741628
36.710931
36.683587
36.657929
36.633125
36.609999
36.588546
36.568760
36.550638
36.532531
36.516081
36.501287
36.488966
36.476651
36.465983
36.456961
36.450401
36.444663
36.439746
36.435649
36.432372
36.430734
36.432372
36.435649
36.441385
36.447942
36.456961
36.468445
36.484039
36.504574
36.528417
36.551462
36.575354
36.601746
36.630646
36.660410
36.691041
36.724200
36.756576
36.790661
36.826461
36.865655
36.908258
36.950938
36.996213
37.045780
37.099664
37.152825
37.206106
37.262051
37.319828
37.381155
37.446058
37.511136
37.578968
37.647852
37.718659
37.788804
37.859148
37.928822
37.995193
38.064373
38.135503
38.207717
38.278370
38.287216
38.218302
38.151337
38.087182
38.025819
37.967226
37.909642
37.853061
37.798345
37.746346
37.697050
37.649576
37.605637
37.563496
37.525717
37.493137
37.464023
37.435799
37.410169
37.387978
37.368365
37.350472
37.336847
37.325783
37.318126
37.311322
37.309622
37.313023
37.321529
37.333442
37.346213
37.359843
37.375185
37.393098
37.412731
37.433235
37.453756
37.476007
37.500849
37.524859
37.549752
37.575529
37.601334
37.627166
37.651301
37.675459
37.699642
37.722118
37.746346
37.770599
37.794007
37.815702
37.838285
37.863497
37.888736
37.915743
37.942780
37.967226
37.989073
38.010939
38.032824
38.052975
38.071389
38.088060
38.102986
38.116163
38.126710
38.137262
38.146937
38.155737
38.162779
38.169823
38.178630
38.184797
38.186560
38.186560
38.185678
38.186560
38.187441
38.188322
38.189203
38.189203
38.189203
38.186560
38.182154
38.175107
38.166300
38.157497
38.152217
38.146937
38.141659
38.137262
38.132865
38.127589
38.121436
38.113527
38.103864
38.093327
38.084549
38.076652
38.067880
38.057358
38.048593
38.040707
38.033700
38.025819
38.016189
38.006564
37.998691
37.991696
37.983828
37.975962
37.970720
37.965479
37.961985
37.961112
37.961112
37.961112
37.961112
37.961112
37.961112
37.962859
37.965479
37.969846
37.974215
37.980332
37.987324
37.995193
38.004814
38.015314
38.025819
38.036327
38.047717
38.060865
38.074898
38.088938
38.102986
38.117042
38.131106
38.143418
38.156617
38.170703
38.184797
38.198018
38.210363
38.223597
38.235955
38.247435
38.258921
38.269528
38.279255
38.287216
38.295180
38.302261
38.308458
38.312886
38.316428
38.317314
38.315543
38.316428
38.316428
38.317314
38.317314
38.314657
38.311115
38.307573
38.304031
38.299605
38.294295
38.288985
38.283677
38.278370
38.273065
38.268644
38.265108
38.261572
38.257154
38.251852
38.247435
38.241253
38.234189
38.227127
38.220067
38.213009
38.205953
38.200663
38.195373
38.191847
38.189203
38.185678
38.180392
38.177749
38.177749
38.177749
38.178630
38.179511
38.182154
38.185678
38.190085
38.192729
38.197136
38.203308
38.212127
38.221832
38.232423
38.243902
38.255386
38.266876
38.279255
38.290755
38.300490
38.311115
38.313771
38.302261
38.290755
38.280139
38.268644
38.258921
38.248319
38.237721
38.227127
38.217420
38.207717
38.198899
38.191847
38.184797
38.178630
38.172465
38.166300
38.160138
38.154857
38.151337
38.148697
38.146058
38.145178
38.146058
38.148697
38.152217
38.155737
38.159258
38.162779
38.168061
38.171584
38.175988
38.180392
38.185678
38.191847
38.198018
38.203308
38.206835
38.209481
38.212127
38.216538
38.220949
38.225362
38.230658
38.237721
38.245669
38.253619
38.263340
38.272180
38.280139
38.289870
38.300490
38.312000
38.312886
38.303146
38.295180
38.286331
38.276602
38.266876
38.257154
38.248319
38.238604
38.229775
38.219185
38.209481
38.200663
38.191847
38.184797
38.178630
38.171584
38.164540
38.156617
38.148697
38.141659
38.135503
38.131106
38.126710
38.124952
38.125831
38.126710
38.129348
38.132865
38.137262
38.142539
38.148697
38.156617
38.165420
38.174226
38.184797
38.195373
38.206835
38.217420
38.228010
38.239487
38.250969
38.264224
38.277486
38.289870
38.302261
38.316428
38.304031
38.287216
38.268644
38.249202
38.230658
38.212127
38.192729
38.170703
38.148697
38.127589
38.106499
38.085427
38.065249
38.043336
38.020566
37.998691
37.975962
37.954127
37.934055
37.913128
37.893090
37.873938
37.854800
37.834809
37.815702
37.797477
37.781000
37.767999
37.756737
37.747212
37.738556
37.731634
37.726443
37.723848
37.721253
37.716929
37.713471
37.710013
37.707420
37.706555
37.708284
37.710013
37.712606
37.716929
37.722118
37.729038
37.737691
37.744615
37.750675
37.759336
37.767999
37.778399
37.788804
37.800948
37.812230
37.824385
37.835678
37.846976
37.859148
37.873067
37.886124
37.898316
37.909642
37.920974
37.931438
37.942780
37.955873
37.968099
37.980332
37.991696
38.003065
38.016189
38.029321
38.044212
38.057358
38.071389
38.084549
38.096839
38.110013
38.122315
38.133744
38.143418
38.152217
38.158377
38.164540
38.170703
38.175988
38.179511
38.183035
38.185678
38.188322
38.191847
38.196255
38.199781
38.202426
38.204190
38.204190
38.205071
38.207717
38.210363
38.212127
38.214773
38.217420
38.221832
38.228010
38.235072
38.242136
38.250085
38.258037
38.266876
38.275717
38.285447
38.295180
38.305802
38.318200
38.306687
38.294295
38.282793
38.273065
38.263340
38.254503
38.245669
38.235955
38.227127
38.219185
38.212127
38.205071
38.198018
38.192729
38.187441
38.182154
38.178630
38.175107
38.172465
38.170703
38.168942
38.169823
38.169823
38.170703
38.172465
38.175107
38.178630
38.183035
38.189203
38.197136
38.205953
38.214773
38.221832
38.229775
38.238604
38.247435
38.257154
38.267760
38.281024
38.295180
38.308458
38.315543
38.304031
38.291640
38.279255
38.266876
38.254503
38.242136
38.229775
38.216538
38.205953
38.196255
38.189203
38.183916
38.179511
38.175107
38.174226
38.174226
38.176868
38.182154
38.188322
38.196255
38.204190
38.214773
38.228010
38.241253
38.256270
38.272180
38.289870
38.309344
38.305802
38.282793
38.256270
38.227127
38.197136
38.165420
38.133744
38.101230
38.069634
38.036327
38.003065
37.969846
37.934928
37.900058
37.863497
37.826991
37.791405
37.755871
37.720388
37.685820
37.651301
37.616830
37.583268
37.550610
37.518854
37.486283
37.455467
37.425544
37.398218
37.372628
37.347916
37.324932
37.303670
37.282427
37.262899
37.245084
37.228976
37.214574
37.201873
37.191717
37.183257
37.177336
37.173109
37.171418
37.172263
37.173954
37.178182
37.184103
37.191717
37.199333
37.209493
37.219656
37.230671
37.244236
37.260353
37.278180
37.298570
37.320678
37.343658
37.367513
37.393098
37.420418
37.451190
37.482001
37.513709
37.543741
37.573810
37.605637
37.637507
37.672007
37.707420
37.743749
37.781000
37.820043
37.860018
37.900929
37.942780
37.985576
38.026694
38.068757
38.110892
38.153977
38.196255
38.237721
38.280139
38.313771
38.272180
38.230658
38.190966
38.151337
38.114406
38.078407
38.042460
38.006564
37.972467
37.939290
37.907028
37.875678
37.846106
37.817438
37.789671
37.762801
37.735960
37.707420
37.678049
37.646989
37.615969
37.584128
37.552328
37.519712
37.487140
37.452900
37.417855
37.382008
37.344510
37.306220
37.267992
37.226434
37.184948
37.142690
37.099664
37.054191
37.009645
36.964344
36.916621
36.867324
36.818131
36.768209
36.716735
36.664547
36.610825
36.557227
36.502930
36.446302
36.390631
36.332648
36.272370
36.209818
36.145820
36.080388
36.013538
35.945282
35.874036
35.799830
35.725872
35.651369
35.575539
35.498399
35.422314
35.343373
35.264718
35.186350
35.109038
35.032773
34.956015
34.878007
34.800286
34.719821
34.640420
34.562072
34.485518
34.410739
34.336976
34.264960
34.196152
34.129050
34.065838
34.004288
33.945115
33.889026
33.835996
33.785278
33.737577
33.693592
33.652581
33.613806
33.578689
33.547923
33.520775
33.497230
33.475850
33.458763
33.445958
33.438848
33.435293
33.436004
33.441691
33.453071
33.471577
33.495804
33.525059
33.560081
33.600182
33.647550
33.703679
33.768642
33.842526
33.924700
34.016729
34.117274
34.226458
34.346647
34.477279
34.620805
34.776722
34.948354
35.132975
35.330114
35.540871
35.767990
36.010321
36.269117
36.544052
36.833961
37.139313
37.461456
37.798345
38.150457
38.118800
37.746346
37.369218
36.988661
36.606698
36.222802
35.838099
35.451305
35.064324
34.673656
34.281271
33.889026
33.498656
33.109686
32.722372
32.334289
31.947823
31.562618
31.178995
30.797881
30.421931
30.051232
29.685292
29.322002
28.964348
28.610802
28.263086
27.920741
27.583847
27.251048
26.923450
26.600244
26.283342
25.971042
25.664725
25.364411
25.070502
24.781081
24.495918
24.214459
23.938288
23.666471
23.401085
23.138336
22.878531
22.621664
22.368588
22.118159
21.871229
21.626788
21.387122
21.151400
20.919804
20.691838
20.468721
20.250286
20.037125
19.828072
19.623858
19.423891
19.229728
19.040321
18.855477
18.674987
18.499313
18.327479
18.160656
17.997708
17.838813
17.684098
17.534228
17.387787
17.244687
17.086785
16.918389
16.739597
16.554521
16.363784
16.171209
15.976096
15.782198
15.589990
15.403651
15.224051
15.055507
14.898417
14.756390
14.630748
14.524510
14.437531
14.371551
14.325758
14.300461
14.294759
14.307457
14.337328
14.382352
14.441911
14.513791
14.597726
14.690399
14.793020
14.904334
15.027722
15.161579
15.310786
15.473594
15.655372
15.854842
16.078750
16.328451
16.548542
16.734962
16.889505
17.010326
17.101709
17.163331
17.200256
17.213600
17.277376
17.385856
17.536799
17.725878
17.879005
17.991982
18.133574
18.294334
18.399687
18.446643
18.494318
18.530865
18.540126
18.512011
18.434962
18.301111
18.104494
17.847569
17.534623
17.173686
16.778463
16.366049
15.952453
15.557418
15.197931
14.887966
14.638195
14.454855
14.340986
14.295546
14.314679
14.392554
14.521990
14.695634
14.906159
15.147235
15.412865
15.698587
