332387.809007 4067745.407360
332387.732930 4067745.445260
332387.642090 4067745.495540
332387.538441 4067745.553180
332387.409839 4067745.618300
332387.266150 4067745.693030
332387.101683 4067745.783160
332386.927015 4067745.867830
332386.746028 4067745.967380
332386.548997 4067746.077800
332386.348937 4067746.184050
332386.150648 4067746.294040
332385.942765 4067746.420430
332385.724075 4067746.533260
332385.501222 4067746.656940
332385.262908 4067746.784810
332385.010113 4067746.916740
332384.726850 4067747.071020
332384.420916 4067747.235290
332384.078537 4067747.422360
332383.701899 4067747.620640
332383.298873 4067747.839860
332382.861730 4067748.086620
332382.387850 4067748.345850
332381.883831 4067748.612340
332381.338126 4067748.912170
332380.756730 4067749.232220
332380.121225 4067749.576210
332379.457574 4067749.942490
332378.752469 4067750.317590
332378.006619 4067750.737540
332377.226742 4067751.176030
332376.415028 4067751.621690
332375.566910 4067752.083160
332374.697119 4067752.559930
332373.789585 4067753.052540
332372.835601 4067753.572350
332371.849155 4067754.108570
332370.828631 4067754.656110
332369.771290 4067755.225680
332368.690973 4067755.807910
332367.582573 4067756.388360
332366.462650 4067756.987010
332365.311763 4067757.605480
332364.143912 4067758.228940
332362.951252 4067758.853550
332361.736652 4067759.507220
332360.504856 4067760.154020
332359.260764 4067760.816050
332357.993513 4067761.485960
332356.710768 4067762.172050
332355.396921 4067762.857200
332354.073514 4067763.565070
332352.727084 4067764.274050
332351.352196 4067764.998570
332349.958897 4067765.713470
332348.554236 4067766.450230
332347.130918 4067767.205780
332345.714395 4067767.979850
332344.277850 4067768.776060
332342.840202 4067769.584280
332341.395429 4067770.430050
332339.954564 4067771.297380
332338.525325 4067772.192780
332337.082665 4067773.109760
332335.648335 4067774.037010
332334.215377 4067774.993200
332332.770162 4067775.943850
332331.314019 4067776.911150
332329.848305 4067777.877750
332328.381821 4067778.841480
332326.917037 4067779.805400
332325.447694 4067780.764520
332323.983743 4067781.702560
332322.519397 4067782.634060
332321.043563 4067783.544590
332319.570546 4067784.457510
332318.091629 4067785.347450
332316.615589 4067786.224690
332315.121052 4067787.106060
332313.629163 4067787.976730
332312.136380 4067788.833650
332310.650929 4067789.690980
332309.147249 4067790.538800
332307.647957 4067791.368990
332306.145388 4067792.205130
332304.646365 4067793.030760
332303.132330 4067793.860690
332301.633728 4067794.680440
332300.113071 4067795.473310
332298.597341 4067796.266870
332297.077211 4067797.027330
332295.545259 4067797.772590
332294.019746 4067798.486310
332292.497445 4067799.186220
332290.960985 4067799.838230
332289.429365 4067800.472830
332287.890341 4067801.062400
332286.352941 4067801.630080
332284.823835 4067802.183390
332283.305774 4067802.725940
332281.781388 4067803.269390
332280.263727 4067803.782300
332278.760974 4067804.312900
332277.253118 4067804.847480
332275.774397 4067805.396470
332274.294853 4067805.935380
332272.824012 4067806.476230
332271.351727 4067807.020880
332269.899376 4067807.561700
332268.455164 4067808.103030
332267.023848 4067808.659750
332265.587333 4067809.197260
332264.148448 4067809.750580
332262.706266 4067810.295190
332261.270813 4067810.864100
332259.829463 4067811.423790
332258.398780 4067811.999040
332256.963859 4067812.604110
332255.525990 4067813.186380
332254.096947 4067813.808770
332252.670196 4067814.425000
332251.242105 4067815.064020
332249.813098 4067815.706380
332248.380767 4067816.356910
332246.943628 4067817.012750
332245.515767 4067817.681620
332244.077750 4067818.356450
332242.648341 4067819.042000
332241.213981 4067819.721100
332239.767402 4067820.419300
332238.327512 4067821.126030
332236.884261 4067821.829940
332235.436677 4067822.531490
332234.002825 4067823.272840
332232.551008 4067823.990790
332231.093595 4067824.714960
332229.637664 4067825.441760
332228.175622 4067826.171240
332226.712871 4067826.910050
332225.246807 4067827.643930
332223.773149 4067828.382290
332222.298425 4067829.125450
332220.821037 4067829.869430
332219.337227 4067830.613870
332217.864283 4067831.383960
332216.382873 4067832.141460
332214.895029 4067832.907840
332213.402186 4067833.692640
332211.913245 4067834.480470
332210.414126 4067835.254960
332208.909378 4067836.024790
332207.401188 4067836.796680
332205.899666 4067837.585210
332204.392253 4067838.378510
332202.881330 4067839.174980
332201.363389 4067839.964270
332199.846212 4067840.765200
332198.316643 4067841.553720
332196.779810 4067842.349820
332195.243839 4067843.130700
332193.713910 4067843.937200
332192.169755 4067844.738000
332190.618900 4067845.538700
332189.079535 4067846.342290
332187.534807 4067847.141090
332185.986668 4067847.934530
332184.445035 4067848.731720
332182.893761 4067849.524670
332181.347788 4067850.319170
332179.811452 4067851.108610
332178.276486 4067851.908670
332176.743735 4067852.703250
332175.207831 4067853.505550
332173.679377 4067854.296050
332172.155315 4067855.091790
332170.620348 4067855.878090
332169.094526 4067856.656990
332167.572448 4067857.444590
332166.054652 4067858.218240
332164.537183 4067859.013080
332163.022221 4067859.794540
332161.507385 4067860.573350
332159.993482 4067861.345030
332158.472553 4067862.104640
332156.958774 4067862.873550
332155.445669 4067863.635780
332153.941579 4067864.402270
332152.430842 4067865.166790
332150.933136 4067865.930830
332149.439954 4067866.693230
332147.950207 4067867.453120
332146.455830 4067868.209210
332144.976747 4067868.966340
332143.485165 4067869.723720
332142.007144 4067870.475720
332140.531129 4067871.238890
332139.058575 4067871.991780
332137.584781 4067872.740710
332136.108728 4067873.497330
332134.633650 4067874.239950
332133.160596 4067874.985530
332131.707824 4067875.731380
332130.247331 4067876.466170
332128.782421 4067877.203380
332127.321818 4067877.937060
332125.876425 4067878.667440
332124.429553 4067879.386210
332122.987351 4067880.110760
332121.540646 4067880.828850
332120.098132 4067881.537540
332118.659034 4067882.251830
332117.221354 4067882.956420
332115.804583 4067883.670490
332114.385189 4067884.382830
332112.973508 4067885.083150
332111.557730 4067885.797750
332110.151039 4067886.497410
332108.749656 4067887.208070
332107.352072 4067887.907560
332105.961053 4067888.613790
332104.584846 4067889.323730
332103.197074 4067890.031570
332101.821155 4067890.733410
332100.444745 4067891.437580
332099.065335 4067892.129940
332097.686623 4067892.816960
332096.307385 4067893.504430
332094.928799 4067894.179570
332093.561837 4067894.859920
332092.198016 4067895.550090
332090.837155 4067896.240860
332089.483516 4067896.926390
332088.133442 4067897.616070
332086.792725 4067898.322760
332085.460013 4067899.036850
332084.123880 4067899.749560
332082.796801 4067900.459310
332081.470131 4067901.176280
332080.149134 4067901.895570
332078.826810 4067902.597240
332077.517121 4067903.314650
332076.196094 4067904.018740
332074.894533 4067904.745200
332073.590603 4067905.460170
332072.298566 4067906.189440
332071.008372 4067906.921560
332069.713953 4067907.638670
332068.426806 4067908.366730
332067.135319 4067909.083010
332065.859854 4067909.810070
332064.565564 4067910.529170
332063.258421 4067911.262400
332061.948347 4067911.969170
332060.630514 4067912.685630
332059.316851 4067913.414330
332057.986067 4067914.139920
332056.651148 4067914.868710
332055.296441 4067915.586000
332053.955521 4067916.327560
332052.609805 4067917.065990
332051.255909 4067917.806360
332049.884759 4067918.541400
332048.508430 4067919.276550
332047.113797 4067919.989300
332045.729093 4067920.734610
332044.325539 4067921.456970
332042.932653 4067922.190450
332041.532751 4067922.921400
332040.132194 4067923.673560
332038.741265 4067924.415660
332037.344670 4067925.164860
332035.935705 4067925.920960
332034.531551 4067926.671860
332033.128341 4067927.434400
332031.718676 4067928.186630
332030.300012 4067928.940040
332028.884583 4067929.694390
332027.454787 4067930.435810
332026.027490 4067931.158970
332024.594410 4067931.883250
332023.150345 4067932.603090
332021.701779 4067933.298370
332020.252505 4067933.998560
332018.804714 4067934.692380
332017.358448 4067935.409270
332015.910590 4067936.122410
332014.464961 4067936.839830
332013.026514 4067937.563670
332011.590640 4067938.291110
332010.153781 4067939.013920
332008.715950 4067939.741730
332007.269093 4067940.469400
332005.827863 4067941.192400
332004.389104 4067941.923010
332002.953915 4067942.653440
332001.510324 4067943.383590
332000.073461 4067944.106060
331998.632874 4067944.843590
331997.189909 4067945.573730
331995.747242 4067946.305420
331994.307484 4067947.039610
331992.866669 4067947.765490
331991.422522 4067948.494540
331989.973480 4067949.219920
331988.527962 4067949.956440
331987.077893 4067950.688610
331985.627894 4067951.428880
331984.174878 4067952.170200
331982.723693 4067952.909170
331981.271253 4067953.661580
331979.814093 4067954.414650
331978.356207 4067955.158070
331976.894539 4067955.913550
331975.432424 4067956.669050
331973.966534 4067957.427830
331972.495448 4067958.181280
331971.020560 4067958.936690
331969.542241 4067959.694840
331968.063273 4067960.456210
331966.585206 4067961.218010
331965.102986 4067961.986670
331963.613401 4067962.753250
331962.121179 4067963.508330
331960.628285 4067964.274650
331959.130049 4067965.055490
331957.630692 4067965.829260
331956.120537 4067966.594470
331954.601515 4067967.372060
331953.088569 4067968.145200
331951.568720 4067968.926140
331950.044821 4067969.710050
331948.519779 4067970.490310
331946.997280 4067971.263640
331945.464354 4067972.038180
331943.914686 4067972.806170
331942.368929 4067973.577740
331940.812393 4067974.341640
331939.264527 4067975.124020
331937.715744 4067975.900650
331936.158875 4067976.670330
331934.603150 4067977.457310
331933.041116 4067978.232310
331931.489060 4067979.024100
331929.923438 4067979.807380
331928.364132 4067980.593870
331926.787417 4067981.380820
331925.220605 4067982.180780
331923.641399 4067982.968220
331922.068793 4067983.759630
331920.497816 4067984.556680
331918.933523 4067985.362020
331917.373766 4067986.166400
331915.804193 4067986.975730
331914.239891 4067987.762440
331912.687020 4067988.567120
331911.133024 4067989.350960
331909.598689 4067990.144400
331908.055163 4067990.942790
331906.528308 4067991.730420
331904.991520 4067992.512590
331903.470089 4067993.294460
331901.949981 4067994.075410
331900.428636 4067994.852500
331898.915532 4067995.626220
331897.406054 4067996.402630
331895.893382 4067997.166460
331894.397873 4067997.944600
331892.900669 4067998.713780
331891.414107 4067999.492640
331889.925899 4068000.264970
331888.442523 4068001.037770
331886.965527 4068001.821540
331885.490913 4068002.594720
331884.022139 4068003.365120
331882.553110 4068004.131540
331881.105875 4068004.902510
331879.646829 4068005.681490
331878.193000 4068006.435070
331876.748362 4068007.192670
331875.307513 4068007.952210
331873.863089 4068008.707040
331872.421574 4068009.455370
331870.986834 4068010.193920
331869.548703 4068010.937200
331868.115756 4068011.666940
331866.677641 4068012.401890
331865.247686 4068013.133910
331863.820201 4068013.877970
331862.387327 4068014.611380
331860.934421 4068015.348180
331859.492209 4068016.088210
331858.045302 4068016.821110
331856.591781 4068017.558370
331855.141711 4068018.289450
331853.694463 4068019.027690
331852.238536 4068019.760670
331850.786077 4068020.506450
331849.323474 4068021.254200
331847.857731 4068022.005790
331846.390345 4068022.755530
331844.916534 4068023.505620
331843.430727 4068024.245290
331841.950688 4068024.987500
331840.468603 4068025.748300
331838.983086 4068026.502610
331837.495585 4068027.260520
331836.001461 4068028.022320
331834.502077 4068028.780020
331832.997355 4068029.547920
331831.494818 4068030.313330
331829.981953 4068031.089500
331828.462650 4068031.860790
331826.941786 4068032.639000
331825.420067 4068033.414560
331823.890042 4068034.194720
331822.358695 4068034.971250
331820.818097 4068035.754290
331819.283718 4068036.535540
331817.739541 4068037.327300
331816.186365 4068038.092940
331814.647722 4068038.875380
331813.116573 4068039.661900
331811.585900 4068040.458950
331810.068381 4068041.248080
331808.545105 4068042.035220
331807.019271 4068042.819410
331805.506912 4068043.611990
331803.996037 4068044.384680
331802.483207 4068045.166950
331800.971965 4068045.948200
331799.459400 4068046.712150
331797.962497 4068047.491220
331796.463379 4068048.262130
331794.977219 4068049.037880
331793.481278 4068049.802290
331791.983785 4068050.569500
331790.503127 4068051.334270
331789.025473 4068052.092870
331787.545291 4068052.850090
331786.077399 4068053.605400
331784.609018 4068054.349500
331783.149154 4068055.113310
331781.689215 4068055.855150
331780.232856 4068056.592800
331778.776768 4068057.335120
331777.327337 4068058.075300
331775.871553 4068058.801290
331774.430574 4068059.535210
331772.988352 4068060.260380
331771.552602 4068060.992190
331770.123603 4068061.713000
331768.702089 4068062.432880
331767.270639 4068063.156170
331765.850323 4068063.873370
331764.425889 4068064.590090
331763.003576 4068065.323750
331761.594084 4068066.032630
331760.187007 4068066.746230
331758.775364 4068067.454710
331757.374392 4068068.156210
331755.980186 4068068.856580
331754.597814 4068069.554600
331753.219512 4068070.246110
331751.852973 4068070.931620
331750.495377 4068071.617720
331749.144815 4068072.293590
331747.802925 4068072.965290
331746.468515 4068073.644840
331745.140697 4068074.300840
331743.830947 4068074.971680
331742.525577 4068075.620030
331741.232380 4068076.278670
331739.939616 4068076.932100
331738.653851 4068077.578050
331737.357862 4068078.217330
331736.064956 4068078.858990
331734.778972 4068079.502850
331733.491599 4068080.126090
331732.207674 4068080.747480
331730.925353 4068081.355090
331729.632303 4068081.934930
331728.333475 4068082.498020
331727.021195 4068083.026630
331725.711474 4068083.544540
331724.387214 4068084.022670
331723.058577 4068084.473580
331721.731898 4068084.905910
331720.412349 4068085.314800
331719.085344 4068085.689770
331717.758898 4068086.029650
331716.424056 4068086.333180
331715.110485 4068086.587450
331713.829837 4068086.803570
331712.566905 4068086.980380
331711.352492 4068087.121710
331710.145533 4068087.224280
331708.963488 4068087.308370
331707.793487 4068087.359930
331706.645664 4068087.385640
331705.508040 4068087.375850
331704.378718 4068087.338600
331703.250915 4068087.278670
331702.137427 4068087.192710
331701.033636 4068087.082150
331699.953749 4068086.960680
331698.902868 4068086.797240
331697.893319 4068086.605350
331696.911333 4068086.388840
331695.958035 4068086.150450
331695.033562 4068085.874420
331694.120510 4068085.584180
331693.234493 4068085.306070
331692.385506 4068085.012350
331691.560638 4068084.727810
331690.752105 4068084.479030
331689.967895 4068084.258840
331689.201483 4068084.062500
331688.445256 4068083.920670
331687.699401 4068083.820260
331686.962001 4068083.727350
331686.227727 4068083.675210
331685.505575 4068083.644480
331684.795070 4068083.624620
331684.092093 4068083.592400
331683.391987 4068083.565350
331682.694123 4068083.520600
331682.003363 4068083.455620
331681.309666 4068083.350300
331680.627449 4068083.211130
331679.954184 4068083.018500
331679.286431 4068082.792800
331678.625847 4068082.527450
331677.980080 4068082.225290
331677.349290 4068081.908080
331676.734657 4068081.549480
331676.146488 4068081.155840
331675.568219 4068080.729710
331674.997902 4068080.285560
331674.437540 4068079.820780
331673.883586 4068079.345780
331673.325288 4068078.867870
331672.755479 4068078.372430
331672.182024 4068077.859630
331671.593107 4068077.337380
331670.993472 4068076.810560
331670.386266 4068076.244040
331669.784003 4068075.665440
331669.173395 4068075.062260
331668.590326 4068074.415130
331668.024233 4068073.731940
331667.482673 4068073.029050
331666.970680 4068072.289960
331666.514036 4068071.531140
331666.097700 4068070.746320
331665.760637 4068069.927430
331665.489402 4068069.099350
331665.285707 4068068.240090
331665.171616 4068067.367970
331665.149081 4068066.495820
331665.221051 4068065.610160
331665.360743 4068064.734370
331665.611863 4068063.869820
331665.957364 4068063.021720
331666.388308 4068062.212450
331666.907453 4068061.436960
331667.527300 4068060.722190
331668.220952 4068060.081220
331668.966595 4068059.504050
331669.772120 4068059.019370
331670.616809 4068058.627480
331671.493875 4068058.328410
331672.394801 4068058.116100
331673.306815 4068057.986040
331674.213761 4068057.952420
331675.125628 4068058.005390
331676.036077 4068058.122420
331676.938950 4068058.317410
331677.843981 4068058.585710
331678.744117 4068058.900290
331679.638615 4068059.282340
331680.526551 4068059.694050
331681.425378 4068060.137180
331682.308342 4068060.618460
331683.202326 4068061.110520
331684.113109 4068061.602910
331685.031714 4068062.111460
331685.976574 4068062.597080
331686.938037 4068063.073040
331687.906300 4068063.545100
331688.911919 4068063.995450
331689.928251 4068064.440920
331690.965942 4068064.868880
331692.028155 4068065.285600
331693.104716 4068065.696140
331694.197828 4068066.094380
331695.313225 4068066.476750
331696.438572 4068066.856370
331697.579029 4068067.232140
331698.741406 4068067.600710
331699.907962 4068067.972860
331701.086282 4068068.334570
331702.267062 4068068.680580
331703.438789 4068069.034090
331704.609288 4068069.357000
331705.772478 4068069.676160
331706.938992 4068069.969070
331708.104798 4068070.226030
331709.270227 4068070.454810
331710.433480 4068070.627470
331711.597488 4068070.747720
331712.772691 4068070.824140
331713.952545 4068070.860070
331715.143360 4068070.844730
331716.333128 4068070.776240
331717.524418 4068070.676210
331718.726779 4068070.516910
331719.930668 4068070.308190
331721.127074 4068070.055110
331722.333608 4068069.744780
331723.534993 4068069.386160
331724.739898 4068068.970430
331725.937462 4068068.508450
331727.145403 4068068.020070
331728.355350 4068067.492920
331729.574587 4068066.947600
331730.806719 4068066.376730
331732.044077 4068065.789990
331733.296700 4068065.193740
331734.566086 4068064.586840
331735.850754 4068063.962210
331737.160069 4068063.319110
331738.491514 4068062.661270
331739.839170 4068061.969360
331741.209449 4068061.269570
331742.610988 4068060.574170
331744.027472 4068059.857490
331745.463250 4068059.131770
331746.928950 4068058.378720
331748.406214 4068057.623220
331749.909883 4068056.865980
331751.414651 4068056.091960
331752.940175 4068055.301440
331754.495995 4068054.511650
331756.068201 4068053.714880
331757.655641 4068052.916040
331759.267943 4068052.114160
331760.892729 4068051.293050
331762.527720 4068050.463970
331764.173753 4068049.637670
331765.818553 4068048.803180
331767.460274 4068047.984740
331769.102756 4068047.164060
331770.741536 4068046.341340
331772.365207 4068045.513380
331773.997755 4068044.705320
331775.623570 4068043.886420
331777.242178 4068043.059880
331778.862688 4068042.239190
331780.478473 4068041.423480
331782.092485 4068040.599370
331783.703804 4068039.779090
331785.306003 4068038.962870
331786.904157 4068038.140840
331788.516453 4068037.324760
331790.125136 4068036.506630
331791.725644 4068035.695220
331793.324671 4068034.876620
331794.926072 4068034.060640
331796.527219 4068033.245330
331798.121602 4068032.435820
331799.708250 4068031.632670
331801.303962 4068030.818020
331802.891096 4068030.003210
331804.463133 4068029.197350
331806.037430 4068028.397450
331807.595789 4068027.600070
331809.152142 4068026.800630
331810.694686 4068026.003020
331812.230653 4068025.220620
331813.760735 4068024.438790
331815.275294 4068023.648830
331816.791040 4068022.864730
331818.305823 4068022.086080
331819.807772 4068021.313460
331821.300346 4068020.541030
331822.785959 4068019.777940
331824.273854 4068019.012810
331825.746555 4068018.256310
331827.220539 4068017.501440
331828.689001 4068016.738250
331830.144290 4068016.000180
331831.591604 4068015.247170
331833.032837 4068014.507380
331834.475104 4068013.765680
331835.907861 4068013.026390
331837.334477 4068012.288220
331838.754240 4068011.555840
331840.173546 4068010.827470
331841.585602 4068010.093800
331842.990625 4068009.370380
331844.395859 4068008.653160
331845.797814 4068007.937230
331847.185279 4068007.224800
331848.563103 4068006.512670
331849.943257 4068005.800950
331851.312161 4068005.089440
331852.684870 4068004.371530
331854.045574 4068003.674510
331855.404807 4068002.966300
331856.756983 4068002.276210
331858.108522 4068001.590020
331859.455389 4068000.888830
331860.803062 4068000.201380
331862.148039 4067999.504000
331863.493039 4067998.816830
331864.836675 4067998.123910
331866.178787 4067997.430690
331867.526829 4067996.734690
331868.870374 4067996.046220
331870.211387 4067995.347030
331871.556975 4067994.653410
331872.901286 4067993.958370
331874.241136 4067993.268200
331875.586802 4067992.573910
331876.929660 4067991.886780
331878.273198 4067991.197870
331879.620855 4067990.504880
331880.966044 4067989.813600
331882.307412 4067989.118730
331883.647693 4067988.423110
331884.992349 4067987.727400
331886.336783 4067987.029480
331887.683581 4067986.338170
331889.027540 4067985.638820
331890.368835 4067984.949280
331891.714555 4067984.253110
331893.058542 4067983.555080
331894.409350 4067982.858700
331895.750765 4067982.157070
331897.092501 4067981.467190
331898.441355 4067980.771400
331899.792578 4067980.073350
331901.148679 4067979.382640
331902.500472 4067978.695450
331903.856846 4067978.000400
331905.208742 4067977.304780
331906.563104 4067976.616430
331907.922057 4067975.925330
331909.282534 4067975.229980
331910.644693 4067974.533820
331912.000930 4067973.836340
331913.363978 4067973.139940
331914.722866 4067972.436410
331916.083734 4067971.738170
331917.447694 4067971.029110
331918.811364 4067970.332470
331920.177276 4067969.627250
331921.543914 4067968.931680
331922.914441 4067968.224920
331924.275704 4067967.514910
331925.641976 4067966.805240
331927.016438 4067966.103190
331928.391363 4067965.397460
331929.760728 4067964.695170
331931.133330 4067963.989370
331932.511764 4067963.280360
331933.885693 4067962.569320
331935.263437 4067961.866090
331936.647737 4067961.160070
331938.025103 4067960.455730
331939.410124 4067959.754580
331940.792577 4067959.050040
331942.183816 4067958.347100
331943.569639 4067957.636720
331944.961321 4067956.938100
331946.353074 4067956.234040
331947.747919 4067955.537240
331949.143571 4067954.827000
331950.536434 4067954.138460
331951.937466 4067953.438330
331953.335861 4067952.744910
331954.737260 4067952.067960
331956.139220 4067951.369590
331957.547671 4067950.678740
331958.952812 4067949.996730
331960.359009 4067949.304820
331961.768981 4067948.623160
331963.182110 4067947.943100
331964.595983 4067947.259920
331966.009078 4067946.587180
331967.432447 4067945.914470
331968.851503 4067945.240510
331970.279138 4067944.571270
331971.706870 4067943.906910
331973.142866 4067943.235830
331974.579235 4067942.579180
331976.015966 4067941.918200
331977.469317 4067941.262100
331978.923159 4067940.603660
331980.384548 4067939.951960
331981.851392 4067939.296040
331983.322396 4067938.656360
331984.798661 4067938.002590
331986.287554 4067937.359550
331987.783447 4067936.713610
331989.282780 4067936.079140
331990.798108 4067935.426710
331992.316713 4067934.781990
331993.839901 4067934.147720
331995.375493 4067933.508320
331996.912440 4067932.856030
331998.459405 4067932.199870
332000.003212 4067931.542110
332001.559841 4067930.882210
332003.123324 4067930.207530
332004.691170 4067929.532090
332006.263572 4067928.847580
332007.836943 4067928.157830
332009.413677 4067927.466460
332010.997069 4067926.763860
332012.578442 4067926.058530
332014.155326 4067925.356620
332015.735486 4067924.644100
332017.316024 4067923.937120
332018.893601 4067923.224980
332020.466931 4067922.514810
332022.039879 4067921.794330
332023.609245 4067921.077910
332025.172594 4067920.359840
332026.736424 4067919.620780
332028.302747 4067918.881340
332029.846647 4067918.132580
332031.393157 4067917.375770
332032.946896 4067916.632250
332034.498098 4067915.877790
332036.052737 4067915.125480
332037.601037 4067914.368750
332039.140950 4067913.612520
332040.686433 4067912.839750
332042.225705 4067912.078090
332043.762055 4067911.317820
332045.306971 4067910.525200
332046.844213 4067909.751150
332048.381362 4067908.981430
332049.920135 4067908.203470
332051.460338 4067907.434580
332053.003068 4067906.653430
332054.538578 4067905.872980
332056.069881 4067905.101160
332057.608962 4067904.320640
332059.137131 4067903.539340
332060.672440 4067902.757670
332062.202922 4067901.980430
332063.730511 4067901.205900
332065.274938 4067900.429170
332066.818845 4067899.644110
332068.357785 4067898.865370
332069.889257 4067898.061140
332071.431767 4067897.277670
332072.984526 4067896.497550
332074.528166 4067895.712510
332076.065211 4067894.923600
332077.606497 4067894.127830
332079.160860 4067893.342910
332080.706033 4067892.563050
332082.249435 4067891.756700
332083.804201 4067890.965000
332085.358620 4067890.182850
332086.897327 4067889.387580
332088.440095 4067888.598900
332089.976835 4067887.803440
332091.497459 4067887.019740
332093.009285 4067886.229220
332094.525032 4067885.447280
332096.044455 4067884.675140
332097.552630 4067883.889690
332099.052233 4067883.118050
332100.533082 4067882.337460
332102.016971 4067881.566140
332103.493989 4067880.795170
332104.947154 4067880.014910
332106.411352 4067879.250630
332107.866957 4067878.471760
332109.317113 4067877.706530
332110.745184 4067876.931090
332112.172417 4067876.126580
332113.580444 4067875.326560
332114.972872 4067874.532730
332116.364877 4067873.721920
332117.739308 4067872.907690
332119.114656 4067872.090110
332120.462990 4067871.261510
332121.811325 4067870.428370
332123.152327 4067869.585710
332124.465397 4067868.735280
332125.777585 4067867.885430
332127.084638 4067867.019690
332128.378816 4067866.157860
332129.674813 4067865.302220
332130.959390 4067864.419940
332132.231941 4067863.548440
332133.511040 4067862.664720
332134.786260 4067861.783510
332136.060595 4067860.902760
332137.349663 4067860.030830
332138.653842 4067859.191450
332139.952496 4067858.334540
332141.256725 4067857.493160
332142.568368 4067856.660860
332143.881964 4067855.823400
332145.201467 4067855.022910
332146.528695 4067854.210930
332147.870245 4067853.423210
332149.206492 4067852.620170
332150.554868 4067851.852510
332151.906830 4067851.081010
332153.268946 4067850.326180
332154.646231 4067849.579600
332156.023084 4067848.838350
332157.390254 4067848.113390
332158.761903 4067847.389120
332160.139465 4067846.665730
332161.525181 4067845.943630
332162.904811 4067845.216310
332164.288474 4067844.498800
332165.673603 4067843.783140
332167.066996 4067843.069880
332168.450930 4067842.357020
332169.845400 4067841.639410
332171.232170 4067840.934480
332172.620708 4067840.214990
332174.015785 4067839.510020
332175.415502 4067838.795740
332176.808928 4067838.079480
332178.203595 4067837.367300
332179.601713 4067836.667040
332180.998539 4067835.955600
332182.388825 4067835.243170
332183.787876 4067834.531240
332185.185541 4067833.821560
332186.590936 4067833.118830
332187.992249 4067832.408410
332189.404689 4067831.691440
332190.811056 4067830.992690
332192.212396 4067830.288150
332193.613558 4067829.569960
332195.012208 4067828.851160
332196.408455 4067828.119200
332197.793952 4067827.394770
332199.184211 4067826.653490
332200.573248 4067825.890930
332201.944103 4067825.139490
332203.313638 4067824.375420
332204.674073 4067823.598210
332206.031045 4067822.808420
332207.385900 4067821.992700
332208.723383 4067821.188420
332210.060858 4067820.360940
332211.400204 4067819.515010
332212.724349 4067818.668260
332214.070544 4067817.816300
332215.384356 4067816.957330
332216.707302 4067816.108600
332218.036387 4067815.235900
332219.350624 4067814.366700
332220.650030 4067813.497350
332221.972762 4067812.633100
332223.293871 4067811.768100
332224.612815 4067810.906580
332225.936046 4067810.049530
332227.262522 4067809.198520
332228.599612 4067808.351300
332229.927922 4067807.507240
332231.260584 4067806.666440
332232.612853 4067805.841560
332233.955461 4067805.020530
332235.309294 4067804.207060
332236.663360 4067803.396350
332238.023535 4067802.601060
332239.399240 4067801.818790
332240.767776 4067801.035320
332242.150664 4067800.273110
332243.520296 4067799.499950
332244.908773 4067798.744840
332246.304038 4067798.007910
332247.703086 4067797.268020
332249.101416 4067796.532470
332250.499923 4067795.801360
332251.902328 4067795.073180
332253.307799 4067794.351030
332254.720915 4067793.622410
332256.131755 4067792.914370
332257.544432 4067792.199740
332258.952049 4067791.486770
332260.357681 4067790.772720
332261.766608 4067790.049070
332263.179111 4067789.334670
332264.577154 4067788.611670
332265.994322 4067787.893740
332267.398341 4067787.170290
332268.808029 4067786.458060
332270.215187 4067785.744320
332271.630322 4067785.031980
332273.043672 4067784.310570
332274.453768 4067783.591780
332275.866833 4067782.869490
332277.288420 4067782.149030
332278.699275 4067781.423340
332280.111513 4067780.704400
332281.522902 4067779.992240
332282.936843 4067779.269050
332284.343285 4067778.550550
332285.754430 4067777.825970
332287.170219 4067777.105850
332288.584136 4067776.385880
332289.997053 4067775.660490
332291.404194 4067774.941200
332292.815175 4067774.217290
332294.227721 4067773.486580
332295.633419 4067772.762000
332297.047579 4067772.031590
332298.460177 4067771.308090
332299.869809 4067770.583650
332301.281652 4067769.858060
332302.689937 4067769.124100
332304.097257 4067768.395610
332305.500069 4067767.664980
332306.910271 4067766.933090
332308.320086 4067766.195110
332309.728670 4067765.462710
332311.141444 4067764.738980
332312.549783 4067764.007690
332313.963776 4067763.277730
332315.375540 4067762.548040
332316.787926 4067761.818110
332318.200175 4067761.090300
332319.612402 4067760.361370
332321.027271 4067759.630510
332322.443471 4067758.899180
332323.858201 4067758.179410
332325.278073 4067757.453120
332326.697917 4067756.729920
332328.118269 4067756.005280
332329.538186 4067755.276650
332330.966665 4067754.556510
332332.381645 4067753.835750
332333.798927 4067753.113940
332335.215782 4067752.402240
332336.630800 4067751.678810
332338.039759 4067750.965270
332339.446274 4067750.263770
332340.844520 4067749.564200
332342.235312 4067748.867110
332343.600412 4067748.158090
332344.927071 4067747.474800
332346.213260 4067746.800290
332347.449652 4067746.155510
332348.635271 4067745.508840
332349.775387 4067744.878600
332350.859012 4067744.241800
332351.895247 4067743.598060
332352.895589 4067742.946030
332353.852473 4067742.268880
332354.772389 4067741.560500
332355.653360 4067740.829350
332356.492343 4067740.079700
332357.299264 4067739.293950
332358.066708 4067738.494770
332358.807009 4067737.664270
332359.521395 4067736.846930
332360.215121 4067736.010010
332360.896154 4067735.181780
332361.570443 4067734.360350
332362.235034 4067733.540870
332362.893509 4067732.723850
332363.556113 4067731.921510
332364.222988 4067731.136510
332364.890493 4067730.365370
332365.577418 4067729.623480
332366.280370 4067728.901710
332367.006670 4067728.222640
332367.750419 4067727.581530
332368.507727 4067726.980550
332369.293173 4067726.411430
332370.094037 4067725.890620
332370.920688 4067725.413920
332371.768903 4067724.984630
332372.627236 4067724.593000
332373.497480 4067724.248520
332374.374092 4067723.955410
332375.259564 4067723.717850
332376.166351 4067723.519600
332377.076058 4067723.383670
332377.980461 4067723.300670
332378.881644 4067723.263030
332379.774984 4067723.285470
332380.658021 4067723.361050
332381.529002 4067723.486920
332382.383831 4067723.677380
332383.224950 4067723.915710
332384.040277 4067724.219040
332384.824868 4067724.567470
332385.591044 4067724.951670
332386.311777 4067725.414570
332386.999655 4067725.887430
332387.663938 4067726.396050
332388.274135 4067726.966220
332388.854008 4067727.547860
332389.381895 4067728.161490
332389.883925 4067728.809470
332390.335610 4067729.491070
332390.747832 4067730.191870
332391.130860 4067730.911660
332391.456529 4067731.658220
332391.742855 4067732.434630
332391.980061 4067733.243410
332392.177805 4067734.048640
332392.327362 4067734.874570
332392.415684 4067735.702690
332392.456868 4067736.536630
332392.451948 4067737.379120
332392.389706 4067738.227400
332392.262514 4067739.061530
332392.081914 4067739.886940
332391.838350 4067740.690160
332391.530387 4067741.475340
332391.169033 4067742.211730
332390.738064 4067742.905530
332390.278670 4067743.543730
332389.763886 4067744.122190
332389.216356 4067744.634260
332388.674060 4067745.076080
332388.141197 4067745.447800
